681538
35712
29339
21240
21168
16019
15138
15000
14688
14400
13166
11663
10260
9612
8100
7200
7200
6318
6270
6048
5400
5088
4800
4800
4470
4221
4218
4084
3960
3915
3900
3840
3779
3596
3570
3399
3390
3350
3150
3135
3040
3000
2955
2890
2764
2764
2550
2543
2499
2496
2490
2485
2415
2397
2372
2370
2318
2291
2256
2244
2226
2206
2198
2178
2160
2128
2125
2100
2100
2005
2005
1980
1950
1920
1920
1907
1907
1901
1898
1889
1814
1805
1800
1800
1800
1800
1728
1688
1663
1578
1545
1545
1541
1539
1516
1494
1455
1443
1443
1443
1443
1443
1443
1443
1443
1443
1443
1443
1443
1443
1443
1443
1443
1443
1443
1443
1443
1443
1434
1404
1329
1320
1320
1320
1290
1236
1233
1230
1223
1223
1223
1223
1223
1223
1223
1223
1223
1223
1223
1223
1223
1223
1223
1223
1223
1223
1223
1223
1223
1223
1223
1182
1149
1140
1129
1101
1080
1056
1056
1056
1050
1035
1030
1019
1018
1002
975
905
905
905
905
905
905
905
905
900
900
900
882
880
880
880
880
880
880
880
880
880
880
880
880
880
880
880
880
880
878
856
827
768
750
750
734
734
720
704
660
660
660
660
648
646
645
633
630
615
611
611
611
606
606
606
600
600
587
587
571
570
565
563
563
563
563
563
563
563
563
563
563
563
563
563
563
563
563
563
563
563
563
563
563
563
540
538
538
538
536
531
528
528
528
513
509
509
505
495
488
488
486
482
480
465
450
448
441
420
420
420
420
417
396
391
391
391
391
391
391
391
391
391
391
390
367
367
367
367
367
367
367
367
367
367
367
367
367
367
367
367
367
367
367
362
360
348
342
342
342
342
342
342
330
330
318
318
317
317
315
306
293
293
293
293
293
293
293
293
293
293
293
293
293
293
293
293
293
293
293
293
293
293
293
293
293
293
293
293
293
293
293
293
293
293
293
293
293
293
293
293
293
290
269
269
269
261
245
245
245
245
245
245
245
245
245
245
245
245
245
245
245
245
245
245
245
245
245
245
245
245
245
245
245
245
245
245
245
242
240
240
220
220
215
210
210
210
210
210
210
210
210
210
210
210
210
210
210
210
196
196
196
196
188
180
171
171
171
171
171
171
171
171
171
153
153
150
148
147
147
147
135
131
122
122
122
122
122
122
122
122
122
122
122
122
122
122
122
110
108
108
103
98
98
98
98
98
98
98
98
98
98
98
98
98
98
98
98
98
98
98
98
98
98
98
98
98
98
90
90
81
73
73
73
73
73
73
73
73
73
49
49
49
49
49
49
49
49
49
49
49
49
49
49
49
49
49
41
27
27
24
24
24
24
24
24
24
9
0
