10165-423200		197022 54098 25512 14462 8208 7978 7543 6060 5419 5220 1650 1600 1600 1600 1600 1600 1600 1600 1600 1600 1600 1600 1600 1600 1600 1600 1600 1576 1340 1340 1340 1340 1340 1340 1340 1340 1150 1082 1000 1000 881 800 800 770 721 670 600 600 600 560 524 500 500 490 459 459 450 450 420 400 400 400 400 400 400 400 400 400 400 390 380 360 340 330 320 320 310 310 310 310 310 310 310 300 300 300 300 300 300 300 300 300 300 300 300 280 280 280 280 280 280 275 275 275 270 270 250 250 250 250 250 250 250 250 250 250 250 250 240 229 220 210 210 210 210 210 210 210 210 210 210 210 210 210 210 210 210 210 210 200 200 200 200 200 200 200 200 200 200 200 200 200 200 200 200 200 200 200 200 200 200 180 180 180 180 180 170 170 170 170 170 170 170 170 150 150 150 150 150 150 150 150 150 150 150 150 150 150 150 150 148 144 140 140 140 130 130 130 110 110 110 110 110 110 110 110 110 110 110 110 110 100 100 100 100 100 100 100 100 100 100 100 100 100 100 100 100 100 100 90 90 80 75 70 65 60 
10221-10231		300 271 245 231 229 168 162 158 150 150 150 150 150 150 150 149 147 146 139 138 132 132 120 120 114 113 108 99 90 87 83 83 78 77 77 72 72 71 68 67 65 64 64 63 57 57 57 55 54 54 54 54 51 51 48 48 48 47 46 45 45 45 45 43 43 42 41 41 39 37 37 37 37 37 37 37 37 36 36 35 35 33 33 33 32 32 32 32 32 31 30 30 30 30 28 28 28 28 28 28 28 28 28 28 28 28 27 27 27 27 26 26 26 25 24 24 24 24 24 24 23 23 23 23 23 22 22 22 22 22 22 22 22 21 21 20 19 19 19 19 19 19 19 19 19 18 18 18 18 18 18 16 16 16 16 16 16 16 15 15 15 15 15 15 15 14 14 14 14 14 14 14 14 14 14 13 13 12 12 12 12 12 12 12 12 12 12 12 11 11 11 11 10 10 10 10 10 10 10 10 10 10 9 9 9 8 8 8 8 8 8 8 8 8 8 8 7 7 7 7 7 7 6 6 6 6 6 6 6 6 6 6 6 6 6 6 6 6 6 6 6 6 6 6 6 6 6 6 6 5 5 5 5 5 5 5 5 5 5 5 5 5 5 4 4 4 4 4 4 4 4 3 3 3 3 3 3 3 3 3 3 3 3 3 3 3 3 3 3 3 3 3 3 3 3 3 3 3 3 3 3 3 3 3 3 2 2 2 2 2 2 2 2 
10311-44175		810 786 768 765 644 600 600 558 528 528 525 509 509 509 509 507 492 492 455 450 434 407 405 390 378 378 375 363 360 360 348 330 330 330 330 312 312 312 312 312 312 309 300 300 300 294 276 276 276 270 270 270 264 258 254 254 252 252 240 240 240 240 240 227 227 227 227 227 227 225 225 225 222 204 204 204 204 198 198 198 198 198 198 198 198 198 198 198 198 198 198 198 198 198 198 198 198 198 198 198 195 195 186 183 180 180 180 180 180 180 180 180 180 180 180 180 180 180 180 180 180 180 180 180 180 165 165 165 165 165 165 165 165 165 165 162 153 153 153 153 153 153 150 150 150 150 150 150 150 150 150 150 150 150 150 135 135 128 120 120 108 105 102 90 90 90 90 90 90 84 75 75 74 74 60 60 59 48 48 45 45 45 45 45 45 45 30 23 
10379-1739		1739 
10567-86759		8679 5346 4963 3450 2970 2820 2500 2445 2397 2376 2280 2250 2187 2130 2107 1791 1620 1550 1470 1296 1290 1260 1251 1200 1200 1200 1155 1080 1050 1035 930 900 816 797 780 780 750 750 750 750 672 630 630 600 600 540 540 540 540 540 540 525 509 492 450 360 360 360 330 330 254 66 
1064-28242		6000 5400 3465 1634 1530 1500 1244 1244 1160 1155 1155 933 622 622 578 
10685-1164783		14205 11595 8109 7809 7650 6923 6765 6270 6225 5850 5814 5670 5625 5580 5574 5520 5511 5460 5430 5415 5415 5370 5355 5250 5175 5100 5100 5100 5070 4980 4950 4881 4875 4875 4845 4824 4800 4755 4713 4620 4590 4500 4500 4500 4500 4440 4410 4383 4380 4380 4368 4344 4320 4275 4260 4260 4260 4260 4245 4245 4215 4200 4200 4170 4161 4140 4125 4110 4092 4079 4065 4065 4065 4065 4065 4065 4050 4022 4004 3993 3990 3990 3990 3969 3929 3929 3915 3900 3870 3854 3825 3810 3810 3810 3779 3779 3765 3750 3750 3750 3750 3704 3690 3660 3639 3639 3629 3629 3600 3600 3600 3600 3600 3570 3554 3546 3510 3510 3510 3495 3479 3479 3479 3450 3420 3390 3360 3360 3360 3360 3345 3329 3318 3315 3300 3285 3270 3270 3270 3270 3270 3240 3210 3180 3180 3165 3165 3164 3150 3150 3150 3090 3090 3060 3060 3030 3015 3000 3000 3000 3000 2994 2985 2970 2940 2940 2940 2940 2910 2910 2910 2895 2895 2882 2850 2835 2820 2820 2820 2820 2790 2790 2790 2760 2760 2760 2760 2760 2760 2748 2730 2730 2715 2700 2700 2700 2670 2640 2640 2640 2640 2610 2610 2580 2580 2565 2550 2550 2535 2535 2520 2520 2505 2496 2439 2430 2430 2430 2424 2415 2385 2370 2355 2340 2340 2340 2333 2310 2280 2280 2250 2250 2250 2220 2214 2190 2190 2190 2190 2162 2130 2130 2130 2100 2100 2085 2085 2070 2070 2070 2070 2039 2039 2025 1995 1980 1980 1980 1980 1980 1964 1950 1950 1950 1950 1950 1950 1935 1920 1920 1920 1889 1889 1875 1860 1860 1814 1800 1800 1800 1800 1800 1770 1770 1755 1739 1739 1739 1710 1710 1704 1680 1680 1680 1680 1664 1635 1626 1625 1620 1620 1620 1620 1620 1620 1620 1620 1605 1560 1560 1560 1545 1530 1523 1515 1500 1500 1500 1500 1500 1500 1485 1470 1470 1470 1460 1458 1455 1455 1440 1439 1425 1424 1410 1410 1404 1380 1350 1350 1350 1320 1320 1320 1320 1320 1320 1320 1320 1305 1305 1290 1260 1260 1260 1260 1260 1245 1245 1245 1236 1200 1200 1200 1200 1200 1170 1170 1140 1140 1140 1140 1116 1110 1080 1050 1050 1019 975 944 930 915 900 900 900 900 900 900 900 900 869 869 825 825 765 759 750 750 750 750 750 750 750 714 705 690 660 660 660 660 660 660 648 645 630 615 615 600 600 600 600 570 525 495 486 480 450 450 450 450 450 434 420 405 390 390 390 389 389 389 360 345 338 330 330 330 330 330 330 330 330 330 330 330 330 324 324 300 300 300 300 300 300 300 300 300 300 300 300 300 270 270 270 270 270 240 240 240 240 240 
11189-36881		10944 9180 3867 3070 2457 2453 1617 1373 1023 488 409 
111913-33700		14000 13800 5000 900 
112132-118523		15596 14377 12943 7811 7798 7798 7798 7189 6434 5447 4126 3246 2904 1265 1036 886 672 657 601 455 455 430 430 419 407 395 391 390 372 360 355 355 349 335 330 326 300 300 279 268 233 211 193 188 188 186 163 128 115 110 93 93 57 47 35 35 35 35 23 23 23 12 12 
11225-38775		10656 9450 5387 3084 2633 1877 1539 1266 1108 902 453 420 
112370-25348		12377 2840 2540 2480 1926 1885 640 300 200 160 
112431-296792		154794 43200 24000 22708 21000 10865 10865 4680 4680 
112503-36964		24837 7214 4913 
112650-8456		5156 3300 
112685-1125707		306879 140052 127771 109378 102854 63055 62291 47689 43696 28975 8824 8253 8225 6600 6339 5223 4366 4351 4179 3735 3600 3300 2954 1978 1917 1544 1500 1407 1257 1256 1223 1216 881 782 720 617 600 530 518 505 447 430 429 413 400 388 323 265 200 200 200 200 185 148 143 135 110 34 17 
11663-16338		14576 1762 
12150-10320		810 690 630 630 630 585 555 405 405 360 330 315 300 300 285 270 270 240 240 225 195 180 180 150 150 135 135 105 105 90 90 90 60 60 60 60 
12211-37860		31860 6000 
12264-119872		60000 48004 11868 
12299-163429		58997 53100 4611 4500 3819 3819 2356 2250 2242 2190 2115 1860 1800 1800 1734 1641 1620 1500 1350 1350 1182 969 928 907 639 600 585 585 540 480 466 429 405 60 
1267-18051		5880 3934 3403 3360 1474 
12716-583217		43983 38931 24600 21600 16537 15455 13727 13611 12396 11400 11250 9537 9416 9119 9000 8592 7347 6942 6900 6900 6802 6778 6240 6000 5769 5400 5286 4890 4710 4200 4074 3960 3761 3429 3258 3219 3174 3159 3135 3080 3024 2790 2784 2724 2592 2592 2580 2538 2508 2484 2478 2460 2430 2406 2402 2400 2367 2288 2250 2250 2241 2220 2172 2160 2121 2094 2079 2039 2019 1962 1944 1902 1830 1821 1794 1722 1680 1655 1621 1584 1500 1485 1470 1401 1312 1290 1290 1284 1230 1228 1224 1224 1218 1210 1200 1200 1179 1134 1110 1110 1105 1104 1104 1098 1088 1088 1086 1063 1059 1050 1050 1039 990 984 969 966 966 958 953 939 930 924 918 911 900 894 894 894 894 871 869 840 840 803 769 769 769 769 769 769 756 744 732 732 725 725 705 684 680 676 660 660 648 630 624 621 600 585 585 576 556 549 540 540 540 540 532 509 498 480 474 468 455 453 450 450 450 450 450 450 450 450 390 390 362 360 339 338 336 324 312 300 300 295 290 288 270 270 264 258 242 242 240 234 217 210 210 198 193 193 192 180 180 180 180 169 169 169 169 169 169 169 169 169 169 169 169 169 169 169 169 169 169 169 169 169 169 169 169 169 169 169 169 169 169 169 169 169 169 169 169 168 165 162 159 150 150 145 145 132 121 121 121 121 120 120 113 112 112 102 102 97 97 97 97 91 91 90 90 72 72 72 72 72 72 72 72 72 72 68 54 54 54 48 45 24 24 24 24 24 24 24 24 24 24 24 24 24 
1295-2645916		100750 96941 96941 78820 69000 65019 53557 52949 51399 49450 47676 47400 47124 46500 45400 44771 42800 40056 40000 40000 40000 38550 38333 37940 37500 35346 35320 35025 34381 31000 30418 30083 30000 28825 28333 28048 27693 27000 26775 26258 25593 24781 24416 24307 24273 23333 23333 23333 22917 22500 21099 20914 20253 19969 19800 19800 17934 15886 15521 15500 15038 15000 14843 14763 14666 14553 14000 13916 13500 13500 13416 13333 12156 12000 10723 10153 10000 9875 9361 9361 9229 9000 9000 8700 8565 8400 8400 8400 8400 7800 7712 6667 6018 6000 5545 5179 4500 4500 3903 3903 3567 3010 3010 3000 3000 3000 2137 1260 567 276 268 
13039-27300		16500 10800 
13048-30354		3277 3277 1251 840 808 698 683 632 600 600 598 591 540 540 473 469 440 390 387 381 360 360 360 348 330 311 310 300 300 300 300 286 285 285 282 281 277 271 269 264 263 263 254 252 252 240 240 240 240 240 225 218 214 210 199 192 191 187 187 186 186 180 180 180 180 180 168 153 149 144 139 138 114 108 108 
13261-15715		15715 
13265-7722		1760 1593 1387 1055 960 822 145 
13320-15924		7244 5042 2167 450 371 350 300 
13366-100775		76693 4800 4180 3800 2500 1602 1017 380 300 300 300 300 300 300 300 300 300 300 300 300 300 300 300 300 300 300 300 103 
13535-85264		52500 11226 5417 5375 5163 1875 1559 900 696 553 
13570-4845		4845 
13590-103120		84100 11670 3850 2250 1250 
13854-10508		9385 1123 
14006-1184715		14205 11595 8109 7809 7650 7275 6923 6765 6270 6225 5850 5814 5625 5580 5574 5511 5460 5430 5415 5415 5370 5355 5250 5175 5100 5100 5100 5070 4980 4950 4875 4875 4845 4824 4800 4755 4713 4620 4500 4500 4500 4500 4440 4410 4383 4380 4380 4368 4344 4320 4275 4260 4260 4260 4260 4245 4245 4215 4200 4200 4170 4161 4140 4125 4110 4092 4079 4065 4065 4065 4065 4065 4065 4050 4022 4004 3993 3990 3990 3990 3969 3929 3929 3915 3900 3870 3854 3825 3810 3810 3810 3779 3779 3765 3750 3750 3750 3704 3690 3660 3639 3639 3629 3600 3600 3600 3600 3600 3570 3554 3546 3510 3510 3510 3510 3495 3479 3479 3479 3450 3450 3420 3420 3390 3360 3360 3360 3360 3345 3329 3318 3315 3300 3285 3270 3270 3270 3270 3270 3254 3240 3210 3180 3180 3165 3165 3164 3150 3150 3120 3090 3090 3060 3060 3030 3015 3000 3000 3000 3000 3000 2994 2985 2970 2940 2940 2940 2940 2940 2939 2910 2910 2910 2895 2895 2882 2850 2835 2820 2820 2820 2820 2790 2790 2790 2760 2760 2760 2760 2760 2760 2748 2744 2730 2730 2715 2700 2700 2670 2640 2640 2640 2640 2610 2610 2580 2580 2580 2565 2550 2550 2535 2535 2520 2520 2505 2496 2439 2430 2430 2430 2424 2415 2400 2400 2385 2355 2340 2340 2340 2333 2312 2310 2280 2280 2250 2250 2250 2214 2190 2190 2190 2190 2162 2130 2130 2130 2100 2100 2100 2085 2070 2070 2070 2070 2039 2039 2025 1995 1980 1980 1980 1980 1980 1980 1964 1950 1950 1950 1950 1950 1935 1920 1920 1920 1889 1889 1875 1860 1814 1800 1800 1800 1800 1800 1770 1770 1755 1739 1739 1739 1710 1710 1680 1680 1680 1664 1650 1646 1646 1646 1635 1626 1625 1620 1620 1620 1620 1620 1620 1620 1620 1605 1560 1560 1560 1545 1530 1523 1515 1500 1500 1500 1500 1500 1500 1500 1485 1477 1470 1470 1470 1460 1458 1455 1440 1439 1436 1425 1424 1410 1410 1404 1396 1380 1380 1350 1350 1350 1350 1350 1320 1320 1320 1320 1320 1320 1320 1305 1305 1290 1260 1260 1260 1260 1260 1245 1245 1245 1245 1236 1200 1200 1200 1200 1200 1200 1196 1170 1170 1140 1140 1140 1140 1116 1080 1080 1050 1050 1027 1027 1019 975 944 930 915 900 900 900 900 900 900 900 900 869 869 825 825 780 765 759 758 750 750 750 750 750 750 750 714 705 690 660 660 660 660 660 660 648 645 615 615 600 600 570 525 495 486 480 468 450 450 450 450 434 420 411 405 390 390 390 389 389 360 345 330 330 330 330 330 330 330 330 330 330 330 330 324 324 300 300 300 300 300 300 300 300 300 300 300 300 300 270 270 270 270 240 240 240 240 
14043-38476		2463 2361 2279 1973 1973 1898 1511 1395 1313 1305 1287 1026 705 704 690 630 621 611 600 600 600 564 563 555 531 495 480 480 476 474 466 450 441 413 387 362 360 360 356 356 332 324 324 300 300 297 236 177 171 154 151 150 132 120 104 90 
14086-95732		71214 9138 5000 3000 2600 1800 1400 600 500 480 
14104-5332		5332 
1503-214705		25933 17268 6900 5469 5319 3075 2850 2678 2001 1905 1887 1845 1818 1703 1682 1626 1588 1572 1571 1555 1539 1519 1519 1493 1415 1410 1368 1337 1290 1285 1253 1197 1185 1185 1179 1174 1170 1148 1109 1109 1095 1058 1037 1028 1014 961 955 955 924 915 911 911 900 900 900 900 873 861 858 855 852 842 830 828 827 825 824 816 803 795 795 791 780 780 780 769 761 756 752 750 750 750 744 742 741 741 732 731 730 728 726 723 715 706 706 706 703 701 701 701 699 699 697 686 674 667 660 659 654 648 645 645 621 618 618 618 600 590 585 551 551 545 545 545 545 545 545 545 545 540 540 539 532 520 517 509 501 500 495 495 495 491 488 479 478 473 463 461 461 459 459 459 459 459 457 450 450 450 446 443 437 420 419 419 418 407 400 394 381 381 381 378 378 378 378 378 357 351 330 315 300 300 299 285 270 254 248 248 245 240 240 223 210 210 165 150 150 150 150 150 150 150 150 150 150 150 150 150 150 148 148 147 135 135 135 124 124 120 111 111 111 109 109 105 93 91 75 75 75 60 60 60 60 45 45 45 36 30 30 30 30 30 30 30 30 30 30 30 30 30 
15066-368128		10493 6270 5105 4669 4206 4139 3559 3225 3012 2886 2877 2802 2684 2546 2544 2462 2364 2316 2310 2215 2199 2190 2176 2173 2032 2025 2001 1989 1873 1797 1792 1754 1719 1689 1655 1652 1630 1578 1578 1553 1552 1517 1512 1509 1502 1495 1495 1476 1462 1458 1435 1426 1414 1400 1387 1386 1383 1380 1379 1379 1379 1379 1373 1358 1328 1311 1301 1294 1283 1281 1281 1281 1274 1268 1265 1264 1264 1249 1233 1230 1228 1225 1200 1198 1195 1170 1169 1156 1149 1133 1130 1122 1121 1117 1096 1087 1075 1073 1064 1041 1040 1035 1033 1028 1018 1014 1011 1007 1002 983 975 975 974 972 960 951 944 934 926 926 925 922 914 911 902 900 900 882 877 874 869 865 864 847 841 840 840 830 827 824 823 819 818 810 810 805 805 799 790 784 780 780 780 780 780 780 779 773 773 771 768 757 751 750 741 735 734 733 732 720 709 708 706 702 702 702 702 702 702 702 702 702 702 699 697 696 690 686 684 681 680 679 674 674 669 669 663 660 660 653 652 650 648 648 644 635 631 624 624 622 619 616 616 600 597 588 588 585 585 585 585 582 576 574 573 572 567 565 565 562 562 562 554 552 550 546 546 545 541 531 531 525 522 522 514 509 507 497 497 491 486 486 480 480 480 480 480 480 476 468 468 468 468 468 468 468 466 465 465 462 461 461 455 451 450 443 437 434 432 425 421 421 421 421 421 421 421 421 421 421 421 421 421 421 421 421 421 421 421 421 421 421 421 421 421 421 420 420 407 405 405 405 405 405 405 405 405 405 405 405 405 405 405 405 405 405 405 405 405 405 390 390 390 390 390 390 390 390 390 389 389 389 389 389 389 389 389 389 389 389 389 389 389 389 389 389 389 389 389 389 389 389 384 375 374 374 374 374 374 374 374 374 374 374 374 374 374 374 374 374 370 360 356 356 351 330 324 312 273 273 273 270 270 270 270 270 270 270 267 254 250 249 247 240 227 227 227 227 227 227 225 225 225 225 217 217 216 213 211 210 194 194 194 180 180 180 168 167 162 162 162 157 156 153 150 150 150 138 137 130 130 130 130 130 130 125 125 125 125 125 120 105 97 97 97 97 97 97 97 97 97 78 78 78 78 65 65 65 65 65 65 65 65 65 65 65 32 10 
15463-42987		30343 7244 5400 
15464-111265		3454 2987 2181 2005 1689 1647 1647 1643 1594 1576 1517 1517 1517 1517 1517 1517 1517 1517 1517 1517 1517 1478 1466 1443 1391 1214 1183 1136 1136 1126 1002 951 951 951 951 950 926 926 926 926 926 926 926 926 926 900 900 900 898 819 771 645 643 628 591 591 591 591 591 591 591 591 591 591 591 591 591 591 591 591 591 591 591 566 566 549 540 449 449 433 411 411 411 411 411 386 386 386 370 360 360 360 360 360 360 360 360 360 330 309 309 309 309 309 309 309 309 309 309 309 309 309 309 309 309 309 309 309 309 309 309 309 309 309 309 309 309 309 309 309 309 270 270 270 270 270 270 270 257 257 257 257 257 257 240 240 240 240 240 240 240 240 240 238 238 238 238 238 238 238 238 238 154 129 129 129 106 103 103 103 103 103 79 77 77 77 77 77 51 51 26 26 26 26 
15694-6121		2400 1440 1290 991 
16564-76014		27864 26400 8550 5400 4500 2400 900 
16675-177776		70200 32760 29400 13500 10500 9626 6450 3990 1350 
16677-91951		25800 22500 21000 13501 5400 3750 
16867-14412		2400 2039 2039 1140 855 690 690 690 660 630 600 480 450 285 270 254 240 
17597-4167		1386 1041 500 280 200 200 200 200 160 
1816-35942		15466 10175 4143 3000 2027 377 377 377 
1853-25102		11058 5950 2300 1400 1300 1000 880 494 420 300 
18735-455568		33660 21000 16350 14484 12900 12390 12000 11913 9978 9960 9621 8373 8313 8100 6804 6476 6183 6024 5364 5122 4995 4884 4800 4458 4362 4272 4272 4134 4068 3965 3936 3933 3806 3629 3501 3105 2910 2879 2851 2700 2556 2484 2461 2420 2385 2310 2292 2241 2169 2144 2124 2124 2058 2028 2019 1992 1950 1944 1898 1896 1823 1755 1710 1662 1643 1639 1590 1545 1536 1518 1503 1500 1494 1470 1380 1353 1260 1239 1236 1200 1200 1164 1160 1134 1134 1122 1110 1095 1066 1063 1063 1063 1056 1050 1048 1026 1019 991 984 966 966 960 953 942 909 902 900 882 869 864 846 834 822 797 774 769 768 765 765 750 750 732 714 714 714 675 672 663 660 652 636 628 628 628 624 600 594 593 585 570 570 570 541 522 509 495 480 474 474 465 462 459 459 459 459 459 459 459 459 459 459 455 455 450 450 450 450 448 428 426 413 405 405 390 384 384 372 362 360 360 360 352 352 315 309 294 290 280 270 267 266 242 242 242 242 225 222 210 193 180 180 180 180 169 169 169 169 169 169 169 169 150 150 150 145 145 145 145 145 144 144 144 132 129 121 102 102 90 72 72 54 54 54 54 24 24 24 
18744-57329		600 600 600 600 600 600 600 600 600 600 600 600 600 600 600 600 600 600 600 600 600 600 600 600 600 600 540 540 540 540 540 540 540 540 540 540 540 509 509 509 509 509 450 450 450 450 450 405 405 405 360 360 360 360 360 360 360 360 360 360 360 360 360 360 330 330 330 330 330 330 300 300 300 300 300 300 300 300 300 300 300 285 270 270 270 270 270 270 270 270 270 270 270 270 270 270 270 270 270 270 270 270 270 270 270 270 270 270 270 270 270 270 270 270 270 270 270 270 270 270 270 270 270 270 270 270 270 270 270 254 254 210 168 168 150 150 150 150 150 150 150 150 150 150 150 120 120 120 120 120 120 120 120 120 120 120 120 120 120 120 120 120 120 120 120 120 120 120 120 120 120 120 120 120 120 120 60 
18747-75562		600 600 600 600 600 600 600 600 600 600 600 600 600 600 600 600 600 600 600 600 600 600 600 600 600 600 600 600 600 600 600 540 540 540 540 540 540 540 540 540 540 540 540 540 540 540 540 540 509 509 509 509 509 509 509 509 509 509 488 488 488 487 450 450 450 450 381 365 360 360 360 360 360 360 360 360 360 360 360 360 360 360 360 360 360 360 360 360 360 360 360 360 360 360 360 360 360 360 360 360 360 330 330 330 330 330 330 330 300 300 300 300 297 291 285 285 285 271 270 270 270 270 270 270 270 270 270 270 270 270 270 270 270 270 270 270 270 270 270 270 270 270 270 270 270 270 270 270 270 270 270 270 270 270 270 270 270 270 270 270 270 270 270 270 270 270 270 270 270 254 254 240 217 168 168 150 150 150 150 150 150 150 150 150 150 150 150 150 150 150 120 120 120 120 120 120 120 120 120 120 120 120 120 120 120 120 120 120 120 120 120 120 120 120 120 120 120 120 120 110 60 60 60 
18750-62978		600 600 600 600 600 600 600 600 600 600 600 600 600 600 600 600 600 600 600 600 600 600 600 600 600 600 600 600 600 600 540 540 540 540 540 540 540 540 540 540 540 540 540 509 509 509 509 509 509 509 509 509 450 450 450 450 401 360 360 360 360 360 360 360 360 360 360 360 360 360 360 360 360 360 360 360 360 360 360 360 360 360 360 360 360 331 330 330 330 330 330 300 300 300 300 300 300 291 287 285 270 270 270 270 270 270 270 270 270 270 270 270 270 270 270 270 270 270 270 270 270 270 270 270 270 270 270 270 270 254 254 254 254 254 254 254 224 216 195 194 192 192 168 168 168 168 168 150 150 150 150 150 150 150 150 141 120 120 120 120 120 120 120 120 120 120 120 120 120 120 120 120 120 120 120 120 120 120 120 120 120 120 90 90 60 45 45 
18753-61520		750 750 750 690 600 600 600 600 600 600 600 600 600 600 600 600 600 600 600 600 600 600 600 600 600 600 600 600 600 600 600 540 540 540 540 540 540 540 540 509 509 488 450 450 428 405 383 380 360 360 360 360 360 360 360 360 360 360 360 360 360 360 330 330 330 324 300 300 300 300 300 300 300 285 285 270 270 270 270 270 270 270 270 270 270 270 270 270 270 270 270 270 270 270 270 270 270 270 270 270 270 270 270 270 270 270 270 270 270 270 270 270 270 270 270 270 270 270 270 270 270 270 270 270 270 270 270 270 270 270 270 270 254 240 227 217 217 216 216 210 195 195 189 168 168 168 168 168 150 150 150 150 150 150 150 150 150 150 150 150 150 150 150 150 150 150 150 120 120 120 120 120 120 120 120 120 120 120 120 120 120 120 120 120 120 120 120 120 120 120 120 120 120 120 120 105 75 38 
19017-69705		8070 4158 4158 4158 3870 3600 3306 3270 2738 2670 2670 2370 2136 2136 2136 2136 1710 1686 1620 1350 1308 1188 1170 750 570 480 474 474 444 375 366 336 294 294 294 285 285 235 135 
19204-103472		55859 25697 9000 5476 4750 700 600 562 320 289 219 
19375-5000		2250 1250 750 750 
19434-1164783		14205 11595 8109 7809 7650 6923 6765 6270 6225 5850 5814 5670 5625 5580 5574 5520 5511 5460 5430 5415 5415 5370 5355 5250 5175 5100 5100 5100 5070 4980 4950 4881 4875 4875 4845 4824 4800 4755 4713 4620 4590 4500 4500 4500 4500 4440 4410 4383 4380 4380 4368 4344 4320 4275 4260 4260 4260 4260 4245 4245 4215 4200 4200 4170 4161 4140 4125 4110 4092 4079 4065 4065 4065 4065 4065 4065 4050 4022 4004 3993 3990 3990 3990 3969 3929 3929 3915 3900 3870 3854 3825 3810 3810 3810 3779 3779 3765 3750 3750 3750 3750 3704 3690 3660 3639 3639 3629 3629 3600 3600 3600 3600 3600 3570 3554 3546 3510 3510 3510 3495 3479 3479 3479 3450 3420 3390 3360 3360 3360 3360 3345 3329 3318 3315 3300 3285 3270 3270 3270 3270 3270 3240 3210 3180 3180 3165 3165 3164 3150 3150 3150 3090 3090 3060 3060 3030 3015 3000 3000 3000 3000 2994 2985 2970 2940 2940 2940 2940 2910 2910 2910 2895 2895 2882 2850 2835 2820 2820 2820 2820 2790 2790 2790 2760 2760 2760 2760 2760 2760 2748 2730 2730 2715 2700 2700 2700 2670 2640 2640 2640 2640 2610 2610 2580 2580 2565 2550 2550 2535 2535 2520 2520 2505 2496 2439 2430 2430 2430 2424 2415 2385 2370 2355 2340 2340 2340 2333 2310 2280 2280 2250 2250 2250 2220 2214 2190 2190 2190 2190 2162 2130 2130 2130 2100 2100 2085 2085 2070 2070 2070 2070 2039 2039 2025 1995 1980 1980 1980 1980 1980 1964 1950 1950 1950 1950 1950 1950 1935 1920 1920 1920 1889 1889 1875 1860 1860 1814 1800 1800 1800 1800 1800 1770 1770 1755 1739 1739 1739 1710 1710 1704 1680 1680 1680 1680 1664 1635 1626 1625 1620 1620 1620 1620 1620 1620 1620 1620 1605 1560 1560 1560 1545 1530 1523 1515 1500 1500 1500 1500 1500 1500 1485 1470 1470 1470 1460 1458 1455 1455 1440 1439 1425 1424 1410 1410 1404 1380 1350 1350 1350 1320 1320 1320 1320 1320 1320 1320 1320 1305 1305 1290 1260 1260 1260 1260 1260 1245 1245 1245 1236 1200 1200 1200 1200 1200 1170 1170 1140 1140 1140 1140 1116 1110 1080 1050 1050 1019 975 944 930 915 900 900 900 900 900 900 900 900 869 869 825 825 765 759 750 750 750 750 750 750 750 714 705 690 660 660 660 660 660 660 648 645 630 615 615 600 600 600 600 570 525 495 486 480 450 450 450 450 450 434 420 405 390 390 390 389 389 389 360 345 338 330 330 330 330 330 330 330 330 330 330 330 330 324 324 300 300 300 300 300 300 300 300 300 300 300 300 300 270 270 270 270 270 240 240 240 240 240 
19520-201751		58997 18000 16890 15180 13185 8700 7500 6669 6300 4918 4918 4740 3114 2868 2679 2280 1920 1500 1350 1335 1335 1260 1212 1201 1184 1156 1095 1022 886 869 840 810 810 796 600 572 570 540 450 300 300 300 300 300 
19575-47107		16450 15459 7954 4074 2387 424 359 
19717-68832		6591 5880 4986 4950 4155 3488 2658 2472 1727 1560 1191 1191 1170 1111 1061 888 882 872 855 846 840 840 840 840 840 792 720 678 660 660 660 660 660 660 660 600 600 585 576 570 501 497 437 416 405 381 360 360 351 351 330 300 270 270 264 261 240 210 153 
19803-23700		8190 3510 2340 2340 2340 2340 1470 1170 
19966-112244		6396 3301 3186 3177 3014 2956 2907 2716 2671 2404 2234 2127 2034 1714 1605 1542 1512 1404 1364 1326 1256 1231 1217 1208 1157 1140 1105 1080 1076 997 992 969 969 955 933 927 906 875 868 814 814 799 799 798 788 777 775 773 755 739 717 643 641 610 602 588 573 571 566 561 549 546 536 524 518 509 476 474 461 459 451 422 408 408 408 398 390 388 387 365 357 352 334 330 328 327 323 316 312 305 288 283 274 262 261 254 254 254 239 238 221 221 220 204 204 204 189 176 168 165 164 164 164 164 155 153 153 153 153 153 149 149 143 120 119 119 119 119 119 119 119 119 108 108 102 102 102 102 102 98 92 83 81 72 68 63 62 59 51 51 51 51 51 51 51 51 51 51 51 51 51 51 51 51 51 51 51 51 51 51 51 51 51 51 51 51 51 51 51 51 51 51 51 51 51 51 51 51 51 51 51 51 51 51 51 51 51 51 51 51 51 51 51 51 51 51 51 51 51 51 51 51 51 51 51 51 51 51 51 51 51 51 51 51 51 51 51 51 51 51 51 51 51 51 51 51 51 51 51 51 51 51 51 51 51 51 51 51 51 51 51 51 51 51 51 51 51 51 51 51 51 51 51 51 51 51 51 51 51 51 51 50 48 41 41 41 36 36 27 23 23 18 
20068-17646		2782 2250 1680 1332 1260 1260 1260 1050 991 622 569 569 534 469 383 215 210 210 
20137-573525		41075 36000 24068 19500 18848 18150 17292 15379 15180 13335 13271 12555 12150 12000 11850 11713 11550 10800 10500 10440 10200 9754 9495 8700 8596 8100 8040 7722 7542 7500 7302 6300 6300 6000 5774 5100 4800 4500 4500 4200 4079 3935 3900 3900 3720 3720 3600 3300 3300 3000 2810 2700 2700 2604 2384 2226 2105 2100 1950 1950 1930 1925 1800 1800 1747 1739 1590 1500 1500 1500 1500 1500 1500 1500 1395 1395 1350 1350 1350 1200 1200 1050 1050 1050 900 900 240 
20187-1244345		9000 9000 8109 7809 7650 7275 6923 6765 6600 6600 6270 6225 5850 5850 5814 5625 5580 5574 5511 5460 5430 5415 5415 5370 5355 5250 5175 5100 5100 5070 4980 4950 4881 4875 4875 4845 4824 4800 4755 4713 4620 4500 4500 4500 4500 4500 4500 4500 4500 4440 4410 4383 4380 4380 4368 4344 4320 4275 4260 4260 4260 4260 4245 4245 4231 4230 4215 4200 4200 4170 4161 4140 4125 4110 4092 4079 4065 4065 4065 4065 4065 4065 4050 4022 4004 3993 3990 3990 3990 3969 3929 3929 3915 3900 3889 3870 3854 3846 3825 3810 3810 3810 3779 3779 3779 3765 3750 3750 3750 3704 3690 3639 3639 3629 3629 3600 3600 3600 3600 3600 3554 3510 3510 3510 3510 3510 3495 3479 3479 3479 3450 3420 3420 3390 3360 3360 3360 3345 3329 3318 3315 3285 3270 3270 3270 3270 3270 3254 3254 3240 3210 3180 3180 3165 3165 3164 3150 3150 3120 3090 3090 3060 3060 3030 3015 3000 3000 3000 3000 3000 3000 3000 3000 2994 2985 2970 2940 2940 2940 2940 2910 2910 2895 2895 2882 2850 2835 2820 2820 2820 2820 2790 2790 2790 2790 2760 2760 2760 2760 2760 2760 2748 2730 2730 2715 2700 2700 2700 2700 2670 2640 2640 2640 2640 2610 2610 2580 2580 2565 2550 2550 2535 2535 2520 2505 2496 2439 2430 2430 2430 2430 2424 2415 2400 2400 2385 2355 2340 2340 2340 2333 2310 2280 2280 2250 2250 2250 2250 2250 2220 2214 2190 2190 2190 2190 2162 2130 2130 2130 2100 2100 2100 2100 2100 2100 2085 2070 2070 2070 2070 2039 2039 2025 1995 1980 1980 1980 1980 1980 1980 1980 1964 1950 1950 1950 1935 1920 1920 1920 1889 1889 1875 1860 1814 1800 1800 1800 1800 1800 1770 1770 1755 1739 1739 1739 1710 1710 1680 1680 1680 1664 1635 1626 1625 1620 1620 1620 1620 1620 1620 1620 1620 1605 1560 1560 1560 1545 1530 1523 1515 1500 1500 1500 1500 1500 1500 1500 1500 1500 1500 1500 1500 1485 1470 1470 1470 1460 1458 1455 1455 1440 1440 1439 1425 1424 1410 1410 1380 1380 1380 1350 1350 1350 1350 1350 1350 1350 1320 1320 1320 1320 1320 1320 1320 1305 1305 1290 1260 1260 1260 1260 1260 1245 1245 1245 1245 1236 1200 1200 1200 1200 1200 1200 1170 1170 1140 1140 1140 1140 1116 1110 1110 1080 1050 1050 1019 975 944 930 915 900 900 900 900 900 900 900 900 900 900 900 869 869 840 840 825 825 780 765 759 750 750 750 750 750 750 750 750 750 750 714 705 690 660 660 660 660 660 660 648 645 615 615 600 600 600 570 540 525 495 486 480 468 450 450 450 450 450 450 450 434 420 405 390 390 390 389 389 389 360 345 338 330 330 330 330 330 330 330 330 330 330 330 330 324 324 300 300 300 300 300 300 300 300 300 300 300 300 300 300 270 270 270 270 270 270 240 240 240 
2034-25377		2703 2592 1689 1335 1300 1050 964 790 774 761 746 743 690 690 600 450 450 440 440 426 420 412 311 311 300 300 246 246 243 204 198 184 180 174 150 150 144 134 117 108 100 90 90 85 80 80 80 80 75 60 55 51 50 40 40 36 20 20 20 20 20 20 
20775-49598		3600 3000 2904 2372 1870 1414 1264 1019 1019 1019 1000 969 949 900 840 808 737 720 698 683 660 600 591 551 509 500 500 500 495 484 469 457 430 425 418 390 387 381 360 360 351 344 343 340 330 330 323 323 315 300 285 285 282 282 281 273 271 264 263 263 254 254 240 240 240 238 235 233 219 218 214 202 199 193 193 193 192 187 180 180 180 180 154 153 143 140 139 136 128 114 101 81 81 66 66 66 66 
2095-82966		23668 3429 3250 3227 2934 2934 2629 2576 2411 1647 1310 1154 1024 969 968 961 925 802 802 802 774 753 707 697 682 645 645 626 588 578 575 555 553 527 524 517 501 492 467 466 459 453 437 433 428 424 409 394 389 374 372 353 351 349 321 306 302 267 264 256 248 248 225 213 200 196 195 194 190 184 183 177 176 159 157 157 140 133 133 133 126 125 124 118 113 112 112 109 105 99 98 96 93 72 70 57 31 30 
21062-157263		129308 8220 5498 3710 2400 2352 2000 1300 1200 595 360 160 160 
21167-94626		3934 1647 1517 1517 1517 1517 1517 1517 1466 1214 1183 1183 1111 1098 1098 1098 1032 1030 996 996 951 951 951 951 951 951 950 946 926 926 926 926 926 926 926 926 926 926 926 900 900 844 797 796 771 750 694 694 694 694 686 644 643 591 591 591 591 591 591 591 591 591 591 591 591 591 591 591 591 591 591 591 591 591 591 566 549 520 438 433 422 411 404 396 386 386 380 360 359 343 309 309 309 309 309 309 309 309 309 309 309 309 309 309 309 309 309 309 309 309 309 309 309 309 283 270 270 270 270 270 270 270 270 270 270 270 270 257 257 240 240 240 240 240 238 238 238 238 238 238 231 224 211 211 206 180 180 180 180 169 169 154 129 129 129 129 129 129 129 129 129 106 106 103 103 103 103 86 77 77 51 51 51 26 26 26 26 26 26 26 26 26 
21202-1005245		123860 60000 60000 46683 39150 20484 20112 18000 18000 15084 15000 15000 14878 14400 13140 12046 10238 10140 9773 8850 8604 8523 8358 8195 8100 6863 6651 6390 5423 5418 5109 3659 3485 3404 3347 3347 3315 3277 3171 3140 3021 3000 2940 2898 2598 2580 2520 2520 2496 2474 2400 2400 2338 2323 2250 2250 2244 2190 2190 2178 2169 2160 2160 2100 2070 2005 1920 1920 1920 1902 1898 1898 1882 1869 1821 1807 1800 1800 1739 1680 1644 1637 1605 1584 1584 1578 1470 1452 1443 1443 1443 1443 1443 1443 1443 1443 1443 1443 1440 1425 1403 1350 1350 1350 1338 1335 1321 1320 1296 1296 1284 1260 1254 1248 1223 1223 1223 1223 1223 1223 1223 1223 1223 1223 1223 1223 1223 1223 1223 1223 1223 1223 1223 1223 1223 1223 1223 1223 1223 1223 1223 1223 1223 1223 1223 1223 1223 1223 1223 1223 1223 1223 1223 1223 1223 1223 1223 1223 1223 1223 1223 1223 1223 1223 1223 1212 1209 1200 1140 1129 1110 1065 1056 1056 1056 1056 1056 1056 1056 1056 1056 1019 1019 1002 1002 1000 975 975 960 952 930 905 905 905 905 905 905 905 905 900 900 900 900 882 880 880 880 880 880 880 880 880 880 880 880 880 880 880 880 880 880 880 869 843 840 822 813 810 810 783 780 768 750 750 732 729 720 714 714 712 709 705 704 693 690 686 683 666 660 660 660 660 660 660 630 624 619 611 611 611 611 611 609 600 587 579 570 563 563 563 563 563 563 563 563 563 563 563 563 563 563 563 563 563 563 563 563 563 563 563 563 563 552 538 538 538 538 528 504 501 498 488 480 450 450 450 450 450 450 444 441 434 422 420 420 420 405 396 396 391 391 391 391 390 390 390 384 375 367 367 367 367 367 367 367 367 367 367 367 367 367 367 360 360 343 342 330 330 330 323 323 318 315 315 300 300 293 293 293 293 293 293 293 293 293 293 293 293 293 293 293 293 293 293 293 293 293 293 293 293 293 293 293 293 293 293 293 293 293 293 293 293 290 285 281 269 269 263 245 245 245 245 245 245 245 245 245 245 245 245 240 240 240 240 240 235 220 220 220 220 219 217 210 210 210 210 210 210 210 210 210 210 210 210 210 196 196 195 194 192 188 183 183 180 173 171 171 171 171 165 151 150 150 150 147 147 147 132 132 122 122 122 98 98 98 98 98 98 98 98 98 98 98 98 98 98 98 98 98 98 98 81 73 73 49 49 49 49 49 49 30 24 18 
21557-33800		33800 
21779-35760		35760 
21806-122400		63450 30000 15000 11250 2700 
2204-31547		9423 6566 5962 3267 3195 3134 
22410-48283		31117 15272 1200 600 94 
22685-62107		600 600 600 600 600 600 600 600 600 600 600 600 600 600 600 600 600 600 600 600 600 600 600 600 600 600 600 600 600 540 540 540 540 540 540 540 540 540 540 540 540 540 540 509 509 509 509 360 360 360 360 360 360 360 360 360 360 360 360 360 360 360 360 360 360 360 360 360 360 360 360 360 360 360 360 330 330 330 330 330 302 300 300 300 300 300 300 300 300 270 270 270 270 270 270 270 270 270 270 270 270 270 270 270 270 270 270 270 270 270 270 270 270 270 270 270 270 270 270 270 270 270 270 270 270 267 254 254 254 254 254 254 254 224 192 168 168 150 150 150 150 150 150 150 150 150 150 150 150 150 150 150 150 150 120 120 120 120 120 120 120 120 120 120 120 120 120 120 120 120 120 120 120 120 120 120 120 120 120 120 120 120 120 120 120 120 120 120 120 120 120 120 120 120 120 120 108 107 84 84 84 60 45 
22693-9000		9000 
23086-2759425		199881 162488 124488 113597 85367 73396 72744 63229 55233 52600 50306 50000 49600 48720 45840 43600 40175 40100 40000 40000 38829 35557 35000 33750 31867 30330 27300 27214 27083 26667 26616 25950 25453 25003 25003 25000 24847 23736 23500 23333 23067 22799 20783 20636 20417 20036 19671 19667 19656 19252 18932 18582 18360 18113 17375 17358 17053 16962 15500 15250 15000 14393 14000 14000 13500 13481 12429 11761 11700 11363 11000 10160 10160 10083 10000 10000 9833 9528 9283 9240 8904 8486 8467 8448 7859 7281 7270 6480 6142 5869 5458 5000 4993 4833 4740 4458 4427 4316 4025 3440 3115 2417 2292 1500 1479 1479 1125 767 570 
2335-59890		4079 3900 2700 2670 2670 2400 1950 1620 1620 1620 1470 1350 1350 1335 1050 900 900 900 840 810 780 750 750 690 660 645 540 540 540 540 540 540 525 525 495 480 450 450 450 450 390 390 390 360 360 360 330 300 300 270 270 270 270 258 240 240 240 240 240 240 240 225 210 210 210 210 210 210 210 210 210 210 195 180 180 180 180 180 180 180 180 165 165 165 150 150 120 120 120 120 120 120 120 120 120 120 113 90 60 
24069-427126		18884 12835 12220 12021 10022 9673 9579 8502 8391 6665 6334 6292 4849 4696 4695 4324 3527 3446 3272 3263 3118 2991 2939 2937 2817 2790 2647 2555 2442 2424 2351 2350 2224 2140 2127 2127 2019 1889 1889 1879 1636 1636 1418 1418 1407 1284 1282 1282 1282 1282 1236 1182 1176 1127 1127 1127 1070 1070 1070 1070 1070 1070 1070 1044 1017 1008 985 977 976 965 944 939 939 939 923 911 907 878 875 875 875 875 875 875 875 875 875 871 867 855 844 844 844 831 823 821 821 821 784 770 770 770 770 770 770 762 762 762 762 762 762 762 751 749 749 743 743 743 727 725 709 703 703 703 703 703 703 703 703 703 703 703 703 703 699 699 695 695 695 695 695 695 695 676 676 676 676 653 653 653 653 653 653 642 642 642 642 641 620 620 620 620 620 620 620 620 620 620 620 620 618 618 616 616 616 616 615 615 615 615 615 614 614 614 608 607 607 599 599 596 591 591 591 590 590 588 587 563 563 563 563 563 563 563 563 563 563 556 556 556 556 556 556 545 545 545 545 545 545 545 545 545 545 545 545 545 545 545 545 545 545 545 545 545 545 545 545 545 545 545 545 545 545 535 535 527 527 527 527 527 527 527 527 527 527 527 527 504 504 504 504 504 504 504 500 500 500 496 496 496 496 496 496 496 496 496 496 496 496 496 496 496 496 496 496 476 476 473 473 473 472 472 472 472 472 472 470 470 470 470 470 470 470 470 470 470 470 470 470 470 470 470 470 470 470 469 469 468 457 457 457 455 448 436 436 436 436 436 436 436 436 436 436 434 428 428 426 426 425 425 425 425 425 425 425 420 417 416 409 409 409 409 409 409 409 409 409 409 409 395 391 391 388 388 388 376 376 376 376 376 376 376 376 376 376 376 376 376 376 376 376 376 372 372 372 372 372 364 355 354 354 352 352 352 350 350 350 350 350 343 338 327 327 327 316 307 304 304 282 280 272 260 188 
24297-37939		27106 9476 1357 
2432-112245		3155 2600 2301 2100 1995 1860 1529 1527 1470 1470 1431 1370 1297 1293 1283 1279 1207 1170 1110 1106 1080 1034 1032 1017 1011 1002 990 988 977 930 888 831 827 786 780 756 735 727 717 716 684 675 658 617 617 603 602 600 600 600 600 585 577 566 564 540 531 526 523 516 513 508 501 490 480 476 459 459 455 453 447 443 437 434 430 424 421 416 413 405 405 390 384 383 374 374 370 354 351 351 351 351 351 350 347 344 342 338 329 328 326 326 323 319 316 314 312 306 304 302 302 300 300 299 295 294 293 291 289 289 285 285 285 285 285 284 284 284 281 281 279 278 277 275 274 271 270 270 269 268 266 264 263 261 257 252 252 250 250 250 246 246 246 246 246 246 244 244 242 239 238 238 238 238 237 237 237 237 235 225 225 225 225 225 225 225 225 221 217 216 214 214 214 214 214 213 211 211 211 211 211 211 211 211 210 210 210 210 208 208 204 202 200 197 195 195 193 190 190 189 188 187 187 185 185 185 185 181 180 180 180 175 175 173 170 170 170 170 167 165 162 162 161 161 158 158 158 158 154 154 154 150 150 146 140 140 140 123 115 
2439-97446		10500 10275 10275 9750 6750 5940 5940 5100 5070 3420 3420 3420 3300 3000 2406 2340 2340 1500 1350 1350 
2498-39202		8450 8450 4063 3650 3356 2981 1893 1488 723 630 512 465 400 320 256 250 250 250 200 200 155 70 70 60 60 
25099-66310		66310 
25156-546796		36074 27000 25500 22920 22085 16815 13200 13140 12984 11883 11707 11544 10131 9660 8339 7800 7490 7134 7038 6683 6459 5702 5490 5190 5184 5173 4980 4974 4917 4659 4554 4350 4302 4230 3939 3924 3785 3756 3714 3624 3504 3399 3102 3003 2940 2889 2851 2805 2765 2728 2682 2652 2631 2568 2561 2559 2550 2400 2289 2250 2100 2094 2094 1989 1963 1926 1770 1761 1737 1470 1461 1422 1395 1387 1380 1344 1305 1290 1236 1232 1208 1179 1155 1140 1140 1114 1114 1074 1032 984 930 924 921 918 916 909 900 894 885 861 840 831 821 803 803 795 780 769 769 759 759 759 732 729 725 720 717 705 690 685 672 661 660 660 642 639 630 630 628 604 600 588 585 579 564 564 543 540 540 540 540 540 540 540 528 522 519 507 504 495 480 474 459 459 459 459 459 459 450 450 450 450 450 450 450 450 450 450 450 434 434 413 413 401 399 399 368 362 360 360 360 357 339 324 315 314 273 270 270 264 263 258 252 249 242 242 241 240 240 234 210 204 193 193 193 190 180 180 180 180 177 173 170 169 168 165 159 159 159 159 153 150 145 129 113 102 102 102 99 97 97 97 97 97 90 90 87 69 69 69 54 54 39 39 39 39 39 24 24 24 24 24 
25428-112333		15000 15000 9000 7090 3900 3600 3461 3461 2700 1650 1500 1500 1500 1500 1500 1500 1500 1478 1425 1414 1407 1019 935 840 808 698 683 660 626 600 600 600 600 600 540 497 488 469 468 426 405 387 386 381 380 378 360 360 360 360 350 348 348 348 343 340 330 330 324 323 317 314 311 305 305 300 285 285 281 279 273 271 269 263 263 254 248 248 248 240 240 239 236 235 225 225 219 219 218 216 214 210 199 194 194 192 192 187 180 180 180 180 171 153 149 147 144 143 139 138 122 114 108 96 96 96 
26184-10184		8064 980 660 300 180 
2660-51385		17467 13206 6858 6817 5192 1224 286 222 80 33 
27418-91029		91029 
27711-8041		8041 
27846-75012		5306 3490 3429 2346 2315 2085 2070 2053 1512 1311 1297 1122 1070 1040 1019 1017 1017 969 897 875 867 827 825 816 816 816 794 774 762 747 736 734 712 682 662 653 612 610 590 588 573 518 509 473 434 408 405 380 378 368 352 345 328 327 324 324 311 306 289 288 283 274 248 245 240 240 238 238 234 229 225 224 221 204 200 194 189 189 170 168 165 165 165 164 164 164 162 162 153 149 149 149 149 147 147 147 143 143 135 128 120 119 119 119 119 119 119 119 108 108 108 108 108 108 108 108 107 102 102 102 102 102 102 102 102 98 96 96 84 83 83 72 68 63 59 54 54 54 54 54 54 54 54 54 54 54 54 54 54 54 54 54 54 54 54 54 54 54 54 54 54 54 54 54 54 54 54 54 54 54 54 54 54 54 54 54 54 54 54 54 54 54 54 54 54 54 54 54 54 54 54 54 54 54 54 54 54 54 54 54 54 54 54 54 54 54 54 54 54 54 54 54 54 54 54 54 54 54 54 54 54 54 54 54 51 51 51 51 51 51 51 51 50 48 48 45 32 27 
2797-203314		161514 12453 4786 4180 3375 1909 1730 1714 797 669 610 602 602 586 574 550 536 492 482 440 409 390 308 302 300 250 241 238 157 144 140 140 138 129 127 126 112 108 108 96 88 84 78 76 60 60 50 50 50 40 24 20 20 18 16 16 
28598-7680		7680 
288-74412		74412 
29533-163446		42974 42875 10254 8500 8350 8200 7338 7230 6825 5550 5012 3329 2800 2037 1425 747 
29666-6000		6000 
29680-5339		2939 2400 
29691-1638		1638 
29888-68269		750 750 600 600 600 600 600 600 600 600 600 600 600 600 600 600 600 600 600 600 600 600 600 600 600 600 600 600 600 600 600 600 600 600 600 600 600 600 600 540 540 540 540 540 540 540 540 540 509 509 509 509 509 482 450 450 363 361 360 360 360 360 360 360 360 360 360 360 360 360 360 360 360 360 360 360 360 330 330 330 330 330 330 330 330 300 300 300 300 300 300 300 300 300 300 300 300 270 270 270 270 270 270 270 270 270 270 270 270 270 270 270 270 270 270 270 270 270 270 270 270 270 270 270 270 270 270 270 270 270 270 270 270 270 270 254 254 254 254 254 254 254 254 254 254 254 254 195 168 150 150 150 150 150 150 150 150 150 150 150 150 150 150 150 150 150 150 150 150 150 120 120 120 120 120 120 120 120 120 120 120 120 120 120 120 120 120 120 120 120 120 120 120 120 120 120 120 120 120 120 120 120 120 120 120 120 120 120 120 117 90 90 90 90 
29909-262945		98320 67898 11371 10389 7943 7792 7200 7200 7200 7200 6840 6840 5970 4230 3540 2352 360 300 
29927-6945		5235 1710 
306-90795		16185 11400 10800 10800 8100 2970 2355 1800 1785 1785 1725 1425 1350 1350 1350 1350 1350 1350 1350 1050 1050 990 990 990 990 990 600 450 450 450 450 390 375 
3075-61802		4485 4245 4245 4245 3128 2640 1215 1095 869 840 780 780 768 720 690 660 630 630 585 585 540 540 540 480 480 480 480 480 476 465 450 450 450 420 420 405 390 390 390 375 360 345 345 330 330 330 330 330 318 300 300 300 300 300 300 300 300 300 300 300 300 300 300 300 300 300 285 270 270 270 270 240 240 240 240 240 240 240 240 240 240 240 233 210 210 210 204 195 180 180 180 180 180 180 180 180 180 180 180 180 180 150 150 150 150 150 150 150 150 150 126 120 120 120 120 120 120 120 90 90 90 75 75 75 75 75 60 60 60 
30870-1404884		594571 181627 132424 85122 83090 62109 47356 34987 34539 33537 18738 15216 14151 13286 9178 7043 5817 4514 3876 3419 3364 2780 2701 2578 2474 2163 1565 1197 857 443 99 63 
30961-639569		55684 38628 32717 25500 24984 16668 16458 14494 10974 9780 9136 9000 6415 6366 6301 6219 6087 6000 5949 5898 5599 5320 5305 5250 5025 4931 4896 4800 4708 4500 4475 4341 4341 4329 4302 4302 4302 4302 4167 4092 4085 3507 3369 3300 3290 3219 3210 3192 3153 2982 2982 2970 2955 2709 2697 2682 2682 2646 2589 2559 2492 2412 2400 2343 2296 2241 2196 2175 2175 2154 2079 2079 1959 1950 1914 1893 1845 1813 1797 1779 1757 1755 1623 1599 1587 1569 1566 1542 1539 1539 1531 1518 1482 1482 1470 1426 1395 1389 1359 1344 1289 1287 1283 1272 1269 1230 1230 1227 1221 1200 1185 1184 1149 1121 1083 1056 1050 1039 1019 1014 991 967 966 958 936 930 918 918 918 911 911 909 900 900 894 885 878 819 809 792 773 773 769 769 768 750 750 747 714 701 701 701 690 690 687 675 672 660 660 660 660 645 639 630 615 609 606 600 600 579 576 570 570 570 570 556 556 556 540 540 525 519 519 516 498 495 488 488 480 480 480 480 476 471 471 459 453 450 450 450 450 429 425 411 399 390 378 375 360 339 324 314 312 309 309 306 300 300 300 300 300 300 300 300 300 300 300 300 300 300 300 300 300 300 300 300 300 300 300 300 300 300 288 288 288 279 270 266 266 249 240 219 219 217 210 195 195 193 186 180 180 180 180 180 180 180 174 165 150 147 147 147 147 135 135 117 99 99 97 97 97 97 97 97 97 97 97 90 90 90 78 72 69 69 69 69 54 48 48 39 39 39 39 24 
3146-1700436		240444 226146 187338 160587 117429 88560 54527 42549 38620 38016 37511 29700 29662 29491 26348 25275 23184 20286 18468 18468 18414 15937 15076 14108 13879 12979 12744 12515 12390 11475 10755 8871 7430 7350 6518 5768 5768 5519 4658 4116 4076 3850 3822 3245 3167 3135 2862 2862 2795 2741 2250 2107 1793 1560 1292 
31650-673389		60000 41075 36000 27745 24068 24068 19500 18848 18150 17292 17280 15379 15379 13271 12683 12585 12555 12000 11550 10800 10200 9754 9495 8700 8635 8596 8100 8040 7800 7722 7542 7302 6900 6306 6300 5925 4800 4500 4500 4200 3900 3720 3720 3600 3540 3000 3000 2810 2604 2384 2226 2100 1950 1950 1930 1925 1800 1800 1800 1747 1739 1620 1500 1500 1500 1500 1500 1500 1500 1500 1500 1500 1500 1395 1395 1350 1350 1350 1350 1350 1350 1290 1245 1200 1200 1050 1050 1050 900 900 750 750 750 750 750 750 750 750 750 750 750 750 750 750 750 750 750 750 750 600 600 254 
31706-73789		40669 22120 11000 
31936-91409		66456 14453 10500 
32377-169760		29611 17653 11551 8045 7550 7270 5850 5811 4362 4079 3379 3336 3110 2925 2850 2589 2355 2342 2250 2200 1941 1680 1650 1650 1371 1254 1089 1080 1050 1050 1048 990 965 960 960 930 900 869 855 840 810 793 792 792 780 780 765 750 750 750 739 660 630 600 580 546 540 509 480 450 450 450 450 390 378 330 300 300 240 240 120 120 120 120 3 3 
3253-5274152		532431 273205 186319 166800 160194 129744 129233 125949 123099 109943 80442 79944 79869 70366 69113 67209 62700 62248 59850 59850 59636 59303 59122 58586 56970 56382 56347 53128 52246 49085 48641 47618 47445 46439 44345 42267 40870 39963 39948 39371 39355 38599 36885 35736 35082 34950 34950 34329 34313 33395 33276 32944 31539 31433 29558 29223 28925 27668 27224 26724 26437 26051 25708 24131 23555 22711 22472 21978 18047 17967 17442 16965 16394 15822 15165 14888 14619 14366 14310 14160 14012 13950 13632 11700 11638 11400 11022 10269 9957 9923 9824 9228 9046 8955 8631 8400 8310 8265 8199 8100 8098 8016 7830 7800 7763 7526 7500 7127 6980 6926 6925 6894 6769 6750 6750 6750 6518 6515 6450 6339 6325 6300 6012 5889 5850 5850 5646 5504 5337 5312 5250 5161 4931 4905 4870 4788 4736 4689 4643 4500 4290 4275 4235 4200 4050 4050 4034 3918 3900 3853 3704 3674 3300 3176 3150 3147 3000 2985 2852 2850 2850 2838 2823 2806 2805 2753 2742 2726 2700 2580 2520 2502 2490 2400 2371 2342 2160 2004 1839 1839 1837 1837 1837 1612 1500 1410 1361 1350 1254 1200 1200 1197 1165 1002 994 877 750 750 750 750 698 600 576 499 450 408 360 333 304 300 300 300 300 300 300 300 300 300 300 268 250 231 108 
33004-98969		40769 15000 15000 10200 9000 9000 
3340-17750		17750 
3361-26250		26250 
3440-887791		455604 183876 152343 55420 40548 
34904-39378		20520 8658 5700 4500 
3494-139042		74282 13225 12525 12000 10120 6630 6000 3300 960 
35127-53144		600 600 600 600 600 600 600 600 600 600 600 540 540 540 540 540 540 540 540 540 540 540 540 509 509 450 450 450 450 450 450 375 375 360 360 360 360 360 360 360 360 360 360 360 360 360 360 360 330 330 330 330 327 300 300 300 300 300 300 300 300 300 300 300 300 300 300 300 300 300 300 292 289 270 270 270 270 270 270 270 270 270 270 270 270 270 270 270 270 270 270 270 270 270 270 270 270 270 270 270 270 270 270 270 270 270 270 270 270 270 270 270 270 270 264 254 240 216 208 204 193 192 188 180 180 173 168 168 150 150 150 150 150 150 150 150 150 150 150 150 150 120 120 120 120 120 120 120 120 120 120 120 120 120 120 120 120 120 120 120 120 120 120 120 120 120 120 120 120 120 108 108 108 108 108 108 108 108 108 108 108 108 108 108 108 108 108 108 108 108 108 108 108 108 108 108 90 84 84 45 45 42 42 
35334-37900		26900 11000 
35629-9290		5295 3995 
3566-308423		8610 8268 7131 5717 5717 4500 4350 3886 3595 3240 3165 3048 3000 2925 2852 2622 2554 2430 2304 2250 1789 1769 1755 1745 1704 1659 1655 1625 1565 1557 1550 1531 1530 1523 1509 1482 1470 1467 1436 1428 1373 1350 1335 1328 1324 1311 1279 1276 1264 1260 1253 1253 1253 1253 1253 1249 1233 1200 1189 1151 1099 1097 1077 1077 1077 1076 1074 1074 1073 1065 1063 1050 1049 1034 1026 1025 1019 1009 999 998 975 969 965 960 960 959 956 955 955 948 939 933 925 921 913 900 900 889 886 886 875 875 873 869 869 869 861 856 842 840 836 822 817 803 792 792 788 780 780 780 780 780 778 766 763 759 757 751 750 750 748 745 745 745 744 741 733 720 719 716 713 702 702 702 702 698 694 694 687 684 680 675 663 648 642 629 627 622 618 618 618 617 616 615 600 600 598 592 585 585 584 583 582 581 574 570 569 567 559 542 527 527 518 511 501 500 499 496 492 486 480 480 480 480 480 480 468 468 468 468 468 459 457 457 457 454 454 450 450 450 450 446 430 429 421 421 421 421 421 421 421 421 421 421 421 421 421 421 421 421 421 421 421 421 421 421 421 421 421 421 421 421 421 421 421 421 421 421 421 416 413 413 413 413 409 401 390 390 390 390 390 390 390 390 390 390 390 390 389 389 389 389 389 389 389 389 389 389 389 389 389 389 389 389 389 389 389 389 389 389 389 389 389 389 389 389 389 387 381 375 375 375 375 375 375 375 356 356 341 333 330 330 330 324 324 324 323 318 288 287 284 273 270 270 264 259 258 258 258 258 258 258 258 258 258 258 258 258 258 254 242 240 227 227 227 227 210 210 194 194 194 194 194 194 180 180 180 180 180 180 180 177 176 175 174 172 169 166 163 162 162 156 150 141 139 137 137 130 130 130 130 125 97 97 97 97 97 97 97 97 90 78 75 66 65 65 65 65 65 65 65 65 65 65 65 65 65 65 65 60 55 39 32 32 30 
36095-179279		130793 48486 
36154-139688		16830 8486 7122 7122 6955 6900 6540 6480 6150 6000 5400 5287 3570 3221 3081 2880 2850 2700 2580 2550 2280 2280 1980 1530 1380 1371 1335 1335 1140 960 960 930 900 900 810 764 756 750 740 615 600 570 540 540 509 509 
36226-315132		63509 55425 47259 44103 37309 26691 14760 13653 12423 
36330-111432		7815 7038 6754 6709 5198 4477 3488 3486 3264 2739 2163 2150 2115 2088 1768 1737 1719 1701 1413 1368 1278 1191 1182 1170 1169 1169 1148 1148 1134 1117 1061 1061 1061 1061 1061 996 909 900 849 840 780 777 773 735 720 696 660 660 660 600 600 584 576 540 522 522 480 478 450 450 450 441 424 420 420 377 360 357 355 327 324 278 270 270 261 237 216 210 210 210 210 210 210 210 210 198 195 137 135 132 120 60 15 15 
37563-1281731		413728 177941 121333 76427 64654 64425 44484 43878 39959 36285 34153 30817 22509 21706 17532 16025 11414 5649 4452 4452 4419 3486 3073 3046 3000 2979 2632 2105 1877 1197 902 646 349 197 
3758-149298		30791 21138 20160 17550 11503 9666 6900 6269 4410 3600 2580 2550 2100 1800 1583 1144 1144 900 900 900 900 570 240 
38024-3690		3690 
38250-68872		48004 11868 9000 
383-127254		10716 9448 7193 7048 6690 6123 5880 4400 4174 3870 3838 3819 3229 2866 2735 2569 2565 2550 1710 1620 1611 1603 1485 1350 1350 1319 1235 1215 1205 1035 990 950 900 890 855 840 840 834 833 780 774 768 750 750 736 735 720 663 600 600 540 540 450 450 442 419 396 390 390 315 240 180 120 120 3 
38350-640823		27745 24068 23599 23599 22500 21300 21000 18848 18150 17355 17292 17280 13335 13271 12683 12585 12555 12000 12000 12000 11550 10800 10200 9754 9495 9289 8700 8400 8100 8040 7722 7542 7302 7000 6990 6900 6306 6300 6210 5925 5700 5700 5400 4950 4950 4950 4800 4500 4500 4500 4200 3900 3900 3720 3720 3600 3540 3000 2604 2384 2226 2100 1950 1950 1930 1800 1620 1614 1500 1500 1500 1500 1500 1395 1395 1350 1350 1350 1290 1245 1200 1200 1200 1050 1050 1050 900 900 
3848-264952		20642 15607 12411 11240 11225 8019 7406 5650 5567 5415 5100 4935 4750 4728 4523 4480 4395 4282 4271 4139 4100 4089 3801 3654 3497 3440 3363 3208 3175 2686 2646 2611 2594 2566 2412 2406 2383 2116 2003 1820 1778 1770 1754 1671 1634 1607 1607 1586 1560 1553 1549 1473 1458 1440 1438 1409 1341 1299 1214 1200 1185 1155 1122 1111 1105 1031 1019 1002 1002 972 972 965 933 900 899 886 853 852 811 782 672 664 652 623 588 570 546 535 525 492 479 461 370 240 150 81 51 
40367-55933		750 660 600 600 600 600 600 600 600 600 600 540 540 540 540 540 540 540 540 540 540 509 509 509 509 450 450 450 450 450 450 450 450 390 390 390 390 390 390 360 360 360 360 360 360 360 360 360 360 360 360 360 330 330 312 300 300 300 300 300 300 300 300 270 270 270 270 270 270 270 270 270 270 270 270 270 270 270 270 270 270 270 270 270 270 270 270 270 270 270 270 270 270 270 270 270 270 270 270 270 270 270 270 270 270 270 270 270 270 270 270 270 270 254 254 254 254 243 240 211 200 197 193 193 193 193 192 192 192 192 180 180 180 180 180 168 168 168 150 150 150 150 150 150 150 150 150 150 150 150 150 150 150 150 150 150 150 150 150 150 150 150 120 120 120 120 120 120 120 120 120 120 120 120 120 120 120 120 120 120 120 120 120 120 120 108 108 108 108 108 108 108 108 108 108 108 108 108 108 108 108 108 108 108 108 108 108 108 108 108 84 
40968-159823		21060 13561 8486 8370 7795 7427 5955 5380 5043 4710 4380 4200 4083 4050 3975 3084 3045 2911 2720 2591 2359 2274 1875 1800 1560 1470 1350 1260 1260 1260 1206 1200 1110 1050 1050 960 909 900 900 856 840 836 750 720 720 720 693 675 480 450 450 450 383 300 300 300 300 270 240 240 151 120 
41745-112500		27750 22950 22500 18600 9000 6000 5700 
41746-267300		37500 32250 27750 22950 22950 22500 22500 18600 18600 9000 9000 6600 6000 5700 5400 
42132-3718		2384 1091 243 
42554-209278		16444 13296 12098 12098 11685 9848 9213 8910 8424 8370 7872 7838 7734 6300 5982 5265 4560 4320 4200 3686 3488 3161 2939 2931 2925 2903 2766 2475 2475 1957 1957 1504 1223 840 825 814 810 810 750 720 540 420 420 375 342 270 270 225 
4265-419143		34522 28308 25020 14938 14100 14100 12894 11744 11514 10644 10355 9900 8594 7290 6600 5745 5745 5454 5175 4398 4050 3753 3479 3339 3300 3123 3120 3002 3000 2866 2769 2724 2682 2489 2478 2448 2447 2433 2424 2421 2392 2334 2318 2273 2250 2229 2153 2148 2128 2079 2058 1992 1920 1788 1668 1650 1650 1632 1539 1530 1512 1500 1473 1473 1434 1382 1374 1360 1350 1344 1254 1236 1235 1215 1209 1209 1202 1158 1158 1138 1134 1094 1050 1044 1043 1032 1019 952 952 927 906 897 894 894 869 838 823 803 793 732 699 672 669 654 648 634 634 630 623 589 589 579 576 570 566 564 564 552 549 540 540 522 522 504 504 476 475 453 430 420 413 408 393 384 381 363 360 345 324 318 294 288 288 272 264 249 240 240 234 227 227 227 227 204 204 198 192 192 189 181 180 177 168 159 150 150 150 150 150 144 144 129 126 120 112 102 102 91 91 91 91 91 90 78 60 54 54 54 54 54 54 54 54 24 24 24 24 24 24 24 24 24 24 24 24 24 
43432-183323		52616 18750 18551 16454 15587 15574 13560 7312 7159 5341 2805 2666 2281 1383 1022 959 462 455 386 
43672-66605		34728 14129 10098 5100 2550 
43796-63917		28813 5778 3700 3500 3500 3500 3500 2948 2889 2500 669 620 420 240 200 150 150 150 140 134 120 100 100 80 16 
43799-39397		31580 5000 1450 200 200 200 200 200 100 100 100 67 
43808-55016		1764 1750 1750 1750 1590 1530 1530 1435 1365 1260 1080 1050 1050 1019 975 975 944 894 875 840 750 750 680 680 680 680 645 615 590 530 525 525 525 525 520 520 480 480 440 430 400 400 400 390 390 380 370 360 360 350 345 340 340 340 340 335 330 320 320 310 300 300 295 285 280 280 260 250 240 240 240 235 225 220 190 190 185 180 170 170 170 170 160 160 160 160 160 160 160 160 160 150 150 150 140 140 135 120 120 120 120 120 120 110 110 110 100 100 100 100 80 80 80 80 80 80 80 80 80 80 80 80 80 80 80 80 75 75 75 75 75 75 75 75 70 70 50 
4496-348401		38469 31525 14275 10374 5702 3660 3578 3479 3467 3467 3434 3434 3390 3300 2850 2844 2793 2770 2733 2481 2465 2400 2250 2100 2083 2030 1928 1880 1779 1779 1779 1779 1778 1737 1707 1707 1704 1689 1689 1682 1680 1620 1590 1589 1548 1535 1530 1508 1490 1490 1490 1490 1490 1479 1479 1479 1475 1458 1454 1425 1405 1384 1361 1361 1361 1296 1296 1296 1296 1264 1264 1264 1242 1231 1224 1200 1140 1118 1107 1105 1087 1061 973 971 965 925 921 921 900 900 875 867 859 859 819 818 818 818 810 795 778 759 759 759 759 758 752 747 732 730 729 727 727 724 721 721 718 718 714 713 706 689 680 672 672 660 634 633 624 611 609 607 606 581 579 574 570 561 560 560 560 560 559 548 533 529 524 518 518 518 518 518 518 518 518 509 509 509 499 486 484 482 459 459 459 459 459 459 459 459 459 459 459 459 458 458 457 451 450 450 450 450 450 450 447 447 446 446 446 446 437 436 436 436 436 434 434 430 428 428 426 426 425 404 389 381 360 360 360 360 360 360 360 357 357 357 357 357 357 356 356 354 351 351 342 341 324 317 315 300 300 300 300 300 300 300 300 300 300 300 300 300 300 300 300 300 299 299 298 298 297 297 297 297 297 297 296 296 285 285 285 285 285 285 285 284 284 284 282 259 252 252 241 227 227 227 222 219 217 213 211 204 204 204 202 194 194 194 194 188 162 162 151 150 150 150 150 150 150 150 150 150 150 150 149 143 130 130 122 120 120 120 120 120 120 120 120 120 117 105 102 102 102 102 102 102 102 102 101 101 100 100 100 98 98 97 97 97 97 97 97 97 96 90 
45216-3200		3200 
4531-7995		615 615 615 615 615 615 615 615 615 615 615 615 615 
46430-23114		22140 974 
46537-58260		37237 20518 480 25 
46753-82241		18966 16514 15166 13605 8602 3860 2175 1985 1368 
4677-133210		1995 1197 1134 999 960 960 864 861 756 738 732 729 716 702 690 672 667 648 648 648 630 630 630 630 630 630 630 588 588 588 588 588 588 588 588 588 588 588 588 588 588 588 588 588 588 588 588 588 588 588 588 588 588 588 588 588 588 588 588 588 567 567 567 567 567 567 567 567 567 567 567 567 546 546 546 546 546 546 546 546 546 546 546 546 546 546 546 546 546 546 546 540 531 525 525 525 525 525 525 525 525 525 509 504 504 504 504 504 504 504 504 504 504 504 504 504 504 504 504 504 504 504 504 504 504 504 504 504 504 504 504 504 504 504 483 483 483 483 483 462 462 462 462 462 462 462 462 462 462 462 462 462 462 462 462 462 462 450 441 441 432 432 432 420 420 420 420 420 420 420 420 420 420 420 420 420 420 420 420 420 420 420 420 399 399 396 378 378 378 378 378 378 378 378 372 360 360 357 351 351 339 336 336 336 336 336 336 336 336 336 336 324 315 315 315 297 294 294 294 294 294 294 294 294 294 294 294 294 294 294 273 273 273 273 270 270 252 252 252 252 252 252 252 252 252 252 252 231 231 231 231 231 231 231 231 225 216 216 216 210 210 210 210 206 189 189 189 177 174 168 168 168 168 150 150 147 147 147 147 147 147 147 138 126 126 126 126 126 126 126 126 126 120 108 105 105 105 105 105 105 105 84 84 84 84 84 84 84 84 84 75 63 63 63 63 63 63 63 63 63 63 63 60 54 42 42 42 42 42 42 42 42 42 42 42 39 
4690-7072		7072 
47159-8268		3145 2479 1500 780 364 
47275-20325		10800 9525 
47737-193696		30063 28876 18586 17225 14413 14197 11105 9917 6096 5744 5552 5224 4232 3346 2861 2650 2222 2129 1927 1610 1598 1430 964 774 512 438 5 
47784-230592		24480 20790 16211 10800 8056 7980 7980 7425 6465 5760 5670 5295 4950 4455 4215 4200 4200 4200 4200 3758 3713 3624 3308 3150 2880 2850 2784 2768 2723 2723 2712 2520 2245 2221 2175 2100 2010 2005 1980 1659 1650 1647 1385 1368 1350 1350 1237 949 792 720 720 675 525 495 495 450 405 405 297 227 210 
48240-3165		900 600 450 150 150 150 150 105 105 105 105 105 90 
48308-30000		15000 15000 
48641-50864		26864 24000 
48647-29485		29485 
4892-233160		143223 49923 40014 
49462-98029		8486 7200 5925 5385 5205 5205 5205 3900 3697 3162 2400 2394 2364 2220 1985 1800 1764 1713 1680 1644 1350 1260 1230 1230 1149 1146 1124 1118 1081 1081 1050 1031 930 900 811 750 720 660 660 600 540 540 480 450 450 450 450 419 405 120 120 120 120 120 30 
49597-1269022		462441 157007 147775 70870 61291 51519 43666 39434 39434 33829 26410 26058 23997 22368 17795 13719 7031 6366 3846 3357 3063 2979 1868 1458 1197 181 63 
49919-80025		32100 24000 9900 9375 3600 1050 
50574-1659214		805319 269546 63421 50138 40483 39262 32432 23978 20385 17000 14000 13772 11200 10065 9247 8700 8408 7631 6948 6307 6032 4144 3667 3600 3500 3379 3250 3250 3163 3126 3000 2900 2659 2650 2600 2600 2600 2600 2500 2400 2400 2387 2300 2300 2200 2200 2200 2100 2000 2000 2000 1950 1889 1850 1800 1800 1800 1800 1800 1700 1700 1650 1600 1600 1600 1600 1600 1550 1500 1500 1500 1450 1450 1406 1400 1400 1400 1400 1400 1400 1400 1400 1350 1300 1300 1300 1300 1300 1300 1300 1240 1170 1130 1100 1100 1000 1000 1000 1000 1000 1000 910 900 900 900 900 900 900 900 900 900 900 900 900 900 800 763 735 700 700 700 700 700 700 700 700 692 679 666 654 650 600 580 570 520 500 500 480 473 458 420 416 374 350 305 300 300 284 284 280 264 260 250 249 240 234 200 200 200 200 200 192 191 185 180 170 160 150 150 150 150 150 150 147 137 100 100 100 94 90 85 80 78 77 75 75 71 67 60 60 55 54 50 50 50 50 50 50 50 50 50 50 50 50 50 50 50 50 50 50 48 48 48 46 46 45 44 44 44 43 40 40 40 36 34 31 30 30 30 30 30 28 28 26 26 26 26 26 25 25 25 24 24 24 24 24 24 24 23 22 22 20 20 20 20 20 20 20 20 20 20 19 19 19 18 18 18 17 17 17 17 16 16 16 16 16 16 16 16 16 15 15 14 14 13 13 13 12 12 12 12 12 12 12 12 12 12 12 12 12 12 12 12 12 12 12 12 12 12 12 12 12 12 12 12 12 12 12 12 12 12 12 12 12 12 12 12 12 12 12 12 12 12 11 11 11 11 10 10 10 10 10 10 10 10 10 10 10 10 10 10 10 9 9 9 9 8 8 8 8 8 8 8 8 8 8 8 8 7 7 7 7 6 6 6 6 6 6 5 5 5 5 5 5 5 5 4 4 4 4 4 3 3 3 3 
51399-63170		750 750 750 750 750 750 600 600 600 600 600 600 600 600 600 600 600 600 600 540 540 509 509 465 450 450 450 450 450 390 390 390 390 390 390 390 390 390 360 360 360 360 360 360 360 360 360 360 330 330 330 330 330 300 300 300 300 300 300 300 300 300 285 273 270 270 270 270 270 270 270 270 270 270 270 270 270 270 270 270 270 270 270 270 270 270 270 270 270 270 270 270 270 270 270 270 270 270 270 270 270 270 270 270 270 270 270 270 270 270 270 270 270 270 270 270 270 270 270 270 270 270 270 258 254 254 254 254 254 254 254 254 240 240 240 210 204 204 180 180 180 180 180 180 180 180 168 168 150 150 150 150 150 150 150 150 150 150 150 150 150 150 150 150 150 150 150 127 120 120 120 120 120 120 120 120 120 120 120 120 120 120 120 120 120 120 120 120 120 120 120 120 120 120 120 120 120 120 120 120 120 120 120 120 120 120 120 120 120 120 108 108 108 108 108 108 108 108 108 108 108 108 108 108 108 108 108 108 108 108 108 108 108 108 108 108 108 108 108 108 108 108 108 108 106 103 90 90 90 90 90 90 90 90 45 42 
51574-14159		10406 3753 
5249-4682		1080 684 540 540 428 378 360 342 90 60 45 45 45 45 
52854-70640		26349 9941 7027 6847 6326 5668 3246 3163 2073 
52864-61850		1574 660 600 600 600 572 572 540 540 540 540 540 540 540 540 540 540 540 515 509 509 450 450 450 390 390 390 390 390 390 390 390 390 390 390 390 390 360 360 360 360 360 360 360 360 360 360 360 360 360 360 360 360 360 330 300 300 300 300 300 300 300 300 300 300 300 285 285 270 270 270 270 270 270 270 270 270 270 270 270 270 270 270 270 270 270 270 270 270 270 270 270 270 270 270 270 270 270 270 270 270 270 270 270 270 270 270 270 270 270 270 270 270 270 270 270 270 270 270 270 270 270 270 270 270 270 270 270 270 270 270 270 254 254 241 240 240 180 180 180 180 180 180 180 180 180 180 180 180 180 180 180 168 150 150 150 150 150 150 150 150 150 150 150 150 150 150 150 150 150 127 120 120 120 120 120 120 120 120 120 120 120 120 120 120 120 120 120 120 120 120 120 120 120 120 120 120 120 120 120 120 120 120 120 120 120 120 120 120 120 120 120 120 120 119 108 108 108 108 108 108 108 108 108 108 108 108 108 108 108 108 108 108 108 108 108 108 108 108 90 90 90 90 90 84 
5347-21806		11100 6030 4676 
540-6000		6000 
54259-3297		3000 297 
5510-36109		9010 7283 5901 4574 4484 2998 1859 
553-11100		11100 
55407-1358751		162000 150000 48000 41075 36000 36000 33900 28735 28735 27745 24068 19500 19000 18903 18848 18000 17550 17400 17355 17292 17280 17100 15000 13500 13335 13271 13050 12629 12585 12555 12500 12000 12000 11550 10800 10200 10000 9495 9289 9289 9000 8700 8400 8100 8040 7722 7500 7302 6900 6798 6600 6306 6000 6000 5925 5700 4950 4950 4800 4800 4800 4800 4500 4500 4500 4500 4500 4500 4200 4200 4050 3900 3900 3900 3750 3720 3720 3600 3600 3600 3600 3540 3300 3300 3150 3150 3000 3000 2925 2604 2400 2384 2295 2250 2226 2100 2100 1950 1950 1930 1925 1800 1800 1800 1800 1800 1747 1650 1620 1614 1500 1500 1500 1500 1500 1500 1500 1500 1395 1350 1350 1350 1350 1290 1245 1200 1200 1200 1200 1200 1050 1050 900 900 900 900 900 900 900 600 600 600 600 600 600 600 600 600 600 600 450 254 240 
55907-46082		10039 9906 9409 8697 2829 2723 2479 
56061-118573		20790 7500 7500 7500 6545 5070 4230 3756 3629 3600 3378 2880 2856 2520 2502 2151 2085 1920 1860 1860 1800 1590 1590 1482 1450 1200 1200 1110 1080 1059 1019 930 900 900 840 810 771 750 720 660 630 600 390 360 300 300 
5641-259778		60866 48786 41444 31824 31229 12778 9808 7111 6115 4883 3268 865 400 200 102 99 
56572-41824		10935 10626 2898 2601 2177 2177 1896 1023 942 907 860 630 574 486 480 480 470 437 426 313 288 198 
57131-101550		22950 22500 13200 13200 10800 9000 6600 3300 
57141-92250		22950 22500 18600 9000 7500 6000 5700 
57143-114000		27750 22950 22500 18600 13200 9000 
57408-248673		29235 28080 16328 14558 10169 9900 8911 8056 8056 7714 6884 6470 6196 4185 3983 3915 3888 3779 3547 3479 3447 3240 3165 2633 2520 2280 2273 2250 2220 2160 2029 1889 1880 1785 1785 1620 1576 1425 1380 1131 1080 922 900 893 893 864 840 840 825 810 810 788 675 675 660 643 610 525 495 413 407 405 383 360 360 360 360 351 271 150 84 
5765-197900		17460 14694 11376 9300 7140 5176 4752 2592 2073 1889 1872 1866 1800 1798 1742 1680 1673 1578 1513 1484 1438 1386 1355 1332 1298 1296 1272 1253 1253 1251 1209 1200 1175 1087 1065 1040 996 977 971 944 944 923 915 899 899 897 885 885 882 858 851 848 824 816 816 811 795 795 795 795 791 782 780 771 760 750 750 734 731 726 720 713 712 708 706 705 703 702 701 688 687 683 678 677 672 666 659 659 659 659 659 644 642 642 631 629 618 618 618 615 615 600 600 600 600 594 590 576 557 551 546 540 522 520 519 495 494 490 486 486 486 484 480 473 472 471 471 463 459 459 457 457 455 450 448 447 441 437 437 434 432 432 432 430 430 421 421 405 396 378 378 378 378 378 378 378 360 347 347 347 338 315 315 300 300 254 248 240 240 227 221 210 210 210 198 173 158 150 150 150 150 150 147 147 147 147 126 126 124 124 120 120 120 119 119 111 105 105 105 105 101 90 90 75 75 60 60 60 30 30 30 30 
58253-25572		22278 3294 
60845-290167		132927 71990 13790 8758 8100 8100 7740 7740 7258 6744 5742 4569 3870 2539 300 
61480-44919		21000 10272 5067 4380 4200 
61627-60134		990 750 660 660 645 645 600 540 540 540 540 540 540 540 540 540 540 540 540 450 450 450 390 390 390 390 390 390 390 390 390 390 385 360 360 360 360 360 360 360 360 360 360 360 360 360 360 360 360 360 360 360 360 335 330 330 330 330 330 330 330 330 300 300 300 300 300 300 300 300 300 300 300 300 300 300 300 285 270 270 270 270 270 270 270 270 270 270 270 270 270 270 270 270 270 270 270 270 270 270 270 270 270 270 270 270 270 270 270 270 270 270 270 270 270 270 270 270 270 270 270 270 270 270 270 270 240 240 240 227 195 180 180 180 180 180 180 180 180 180 180 180 180 180 180 180 180 180 180 180 180 168 150 150 150 150 150 150 150 150 150 150 150 150 150 150 150 150 150 120 120 120 120 120 120 120 120 120 120 120 120 120 120 120 120 120 120 120 120 120 120 120 120 120 120 120 120 120 120 120 120 120 120 120 120 120 120 120 120 108 108 108 108 108 108 108 108 108 108 108 108 108 108 108 108 108 108 108 108 108 108 108 90 90 90 90 45 
61628-60134		990 750 660 660 645 645 600 540 540 540 540 540 540 540 540 540 540 540 540 450 450 450 390 390 390 390 390 390 390 390 390 390 385 360 360 360 360 360 360 360 360 360 360 360 360 360 360 360 360 360 360 360 360 335 330 330 330 330 330 330 330 330 300 300 300 300 300 300 300 300 300 300 300 300 300 300 300 285 270 270 270 270 270 270 270 270 270 270 270 270 270 270 270 270 270 270 270 270 270 270 270 270 270 270 270 270 270 270 270 270 270 270 270 270 270 270 270 270 270 270 270 270 270 270 270 270 240 240 240 227 195 180 180 180 180 180 180 180 180 180 180 180 180 180 180 180 180 180 180 180 180 168 150 150 150 150 150 150 150 150 150 150 150 150 150 150 150 150 150 120 120 120 120 120 120 120 120 120 120 120 120 120 120 120 120 120 120 120 120 120 120 120 120 120 120 120 120 120 120 120 120 120 120 120 120 120 120 120 120 108 108 108 108 108 108 108 108 108 108 108 108 108 108 108 108 108 108 108 108 108 108 108 90 90 90 90 45 
6207-7380		615 615 615 615 615 615 615 615 615 615 615 615 
6218-893		525 268 100 
62750-5361		5361 
63647-32953		29797 1644 1512 
63718-7998		2569 1512 1467 960 627 252 192 192 149 78 
63724-1872		1872 
63760-22882		22882 
63762-7797		2187 1847 1650 1336 777 
63815-50895		21720 7290 5625 3000 2880 2880 2760 1800 1500 1440 
63880-5000		1746 1644 1235 375 
63881-5120		2123 1620 1377 
63882-6040		2406 1336 1143 780 375 
64407-41912		38533 1353 1201 437 388 
64415-10320		5616 2542 2162 
64859-10671		4287 3159 1755 930 540 
64868-14862		3999 3024 2565 2409 2190 675 
64883-11664		3429 3270 2940 2025 
65473-30806		24896 3600 1350 960 
65540-21968		14156 2706 2322 1596 888 300 
65564-8486		3204 2995 1897 390 
65752-75374		750 750 645 645 540 540 540 540 540 540 540 540 540 540 540 540 540 540 540 540 509 509 405 390 390 390 390 390 390 390 390 390 390 390 390 390 390 390 390 390 390 390 390 390 390 390 390 390 360 360 360 360 360 360 360 360 360 360 360 360 360 360 360 360 360 360 360 360 360 360 360 330 330 330 330 330 330 330 330 330 330 327 300 300 300 300 300 300 300 300 300 300 300 297 285 285 285 270 270 270 270 270 270 270 270 270 270 270 270 270 270 270 270 270 270 270 270 270 270 270 270 270 270 270 270 270 270 270 270 270 270 270 270 270 270 270 270 270 270 270 270 270 270 270 270 270 270 270 270 270 270 270 270 270 270 270 270 270 270 270 270 270 270 270 270 270 270 270 270 270 270 270 270 270 270 254 254 254 242 240 240 227 217 215 180 180 180 180 180 180 180 180 180 180 180 180 180 180 180 180 180 180 180 180 180 180 180 180 180 180 150 150 150 150 150 150 150 150 150 150 150 120 120 120 120 120 120 120 120 120 120 120 120 120 120 120 120 120 120 120 120 120 120 120 120 120 120 120 120 120 120 120 120 120 120 120 120 120 120 120 120 120 108 108 108 108 108 108 108 108 108 108 108 108 108 108 108 90 84 75 45 45 
66409-86756		67900 11178 6365 484 446 383 
67143-27847		15676 2122 1952 1494 1418 657 365 272 272 272 272 272 272 272 272 272 272 272 272 272 219 188 110 110 
67257-4410		1800 1560 1050 
68167-47553		23067 10950 10272 3264 
6850-481433		39450 34517 29400 28800 25500 24000 22398 11439 10740 9270 8058 7500 7398 7254 5985 5712 5278 5008 4944 4390 4366 4200 4104 4083 3965 3840 3442 3429 3422 3420 3169 3144 3060 2850 2850 2844 2724 2724 2642 2574 2550 2544 2544 2521 2520 2400 2321 2278 2250 2250 2246 2100 2100 1950 1920 1880 1860 1823 1788 1782 1739 1695 1673 1560 1554 1554 1440 1360 1350 1332 1302 1224 1200 1194 1170 1140 1080 1074 1050 997 997 960 960 960 960 953 911 906 906 894 869 867 867 855 855 855 840 838 822 810 786 769 756 756 720 693 660 630 624 612 600 588 570 566 564 564 537 504 474 474 468 462 462 459 450 434 426 420 408 408 408 408 405 385 375 363 363 353 348 340 330 327 317 300 297 288 288 288 270 240 227 227 227 227 204 204 204 198 192 181 180 168 168 168 168 168 168 168 162 159 150 150 132 132 113 108 102 102 102 102 102 91 91 90 60 54 54 54 54 24 24 24 24 24 24 24 24 
68724-44159		4029 3828 3607 2722 2284 2037 1938 1869 1541 1506 1499 1495 1470 1067 1056 996 964 909 872 865 825 723 714 674 668 594 587 443 358 351 321 299 211 186 140 114 106 103 95 56 37 
69126-84782		9863 9863 5520 4800 4350 2484 2160 1982 1920 1800 1779 1680 1560 1440 1440 1372 1350 1350 1350 1326 1200 1200 1200 1191 1170 1140 1050 960 960 960 869 869 816 750 750 750 690 684 660 659 630 547 540 509 480 480 450 434 434 420 396 390 300 285 135 135 135 135 30 
69665-244227		6219 4271 3400 2688 2648 2280 2262 2153 2063 2039 2039 2004 1922 1913 1913 1913 1913 1913 1913 1913 1913 1913 1913 1913 1913 1913 1913 1913 1913 1913 1913 1913 1913 1913 1913 1913 1913 1913 1913 1913 1913 1913 1913 1913 1913 1913 1913 1913 1913 1913 1913 1913 1913 1913 1913 1913 1913 1913 1913 1913 1913 1913 1913 1913 1913 1913 1913 1913 1913 1912 1894 1773 1750 1723 1722 1712 1700 1698 1694 1654 1654 1654 1654 1654 1654 1654 1654 1654 1654 1654 1654 1595 1594 1594 1594 1594 1589 1589 1589 1589 1589 1589 1589 1589 1589 1589 1589 1589 1589 1589 1589 1589 1588 1588 1584 1574 1545 1489 1424 1341 1324 1324 1243 1192 1158 1120 1061 1000 993 986 953 910 826 806 800 780 659 638 384 
71729-124200		32250 30000 22500 13200 10800 9000 5400 1050 
71764-86250		22950 22500 18600 13200 9000 
7203-3388		2494 894 
72046-12433		10272 2161 
72333-13908		1710 1650 1620 1269 840 840 825 780 750 750 639 540 540 540 270 225 120 
72820-121297		25368 10500 5664 5310 5190 4572 4290 4196 4140 3629 3420 3285 2787 2715 2310 2305 2172 2100 1800 1797 1761 1521 1484 1371 1351 1350 1350 1260 1200 1200 960 720 711 711 711 600 555 540 509 509 480 450 450 434 420 420 300 149 135 135 
73013-37043		33013 2747 1283 
73820-84120		750 660 660 660 660 645 645 645 540 540 540 540 540 540 540 540 540 540 540 540 540 540 540 540 540 540 540 509 509 509 509 509 450 450 450 420 407 390 390 390 390 390 390 390 390 390 390 390 390 390 390 390 390 390 390 390 390 390 390 390 380 360 360 360 360 360 360 360 360 360 360 360 360 360 360 360 360 360 360 360 360 360 360 360 360 352 347 330 330 330 330 330 330 330 330 330 330 330 330 330 330 330 330 330 330 311 300 300 300 300 300 300 300 300 300 300 300 285 285 285 285 270 270 270 270 270 270 270 270 270 270 270 270 270 270 270 270 270 270 270 270 270 270 270 270 270 270 270 270 270 270 270 270 270 270 270 270 270 270 270 270 270 270 270 270 270 270 270 270 270 270 270 270 270 270 270 270 270 270 270 270 270 270 270 270 270 270 270 270 270 270 270 270 270 254 254 195 192 180 180 180 180 180 180 180 180 180 180 180 180 180 180 180 180 180 180 180 180 180 180 180 180 168 168 168 150 150 150 150 150 150 150 150 150 150 150 150 150 150 150 150 150 150 150 150 150 134 134 132 120 120 120 120 120 120 120 120 120 120 120 120 120 120 120 120 120 120 120 120 120 120 120 120 120 120 120 120 120 120 120 120 120 120 120 120 108 108 108 108 108 108 108 108 90 90 90 
7422-4677		2701 1285 691 
74707-5795		5795 
74832-38620		16069 13409 3660 2856 2426 200 
74912-1357308		313385 176213 173002 154514 84834 71582 57912 57905 50538 42174 34709 24020 23735 22345 16599 12825 11098 7781 6434 6010 4991 2745 978 784 195 
75026-34551		8400 7200 6102 3600 3300 2898 2034 1017 
75557-98741		19590 10350 10350 9801 8100 5400 5310 3000 2400 2400 2370 2145 2100 1800 1800 1595 1500 1350 1200 1200 1200 1200 1080 900 600 
7567-344646		109777 66930 48042 27249 12183 10254 7675 7200 7200 7200 6840 6840 6652 5970 4230 3422 3139 2352 1491 
7596-1198575		14205 8109 7809 7650 7275 6923 6765 6270 6225 5850 5814 5670 5625 5580 5574 5520 5511 5460 5430 5415 5415 5355 5250 5175 5100 5100 5070 4980 4950 4890 4881 4875 4875 4845 4824 4800 4755 4713 4620 4590 4500 4500 4500 4500 4500 4440 4410 4383 4380 4380 4368 4344 4320 4275 4260 4260 4260 4260 4245 4245 4215 4200 4200 4170 4161 4140 4125 4110 4092 4079 4065 4065 4065 4065 4065 4065 4050 4022 4004 3993 3990 3990 3990 3969 3929 3929 3915 3900 3870 3854 3825 3810 3810 3810 3779 3779 3765 3750 3750 3750 3750 3704 3690 3660 3639 3639 3629 3629 3600 3600 3600 3600 3600 3570 3554 3546 3510 3510 3510 3495 3479 3479 3479 3450 3420 3390 3360 3360 3360 3360 3345 3329 3318 3315 3300 3285 3270 3270 3270 3270 3270 3254 3240 3210 3180 3180 3165 3165 3164 3150 3150 3150 3090 3090 3060 3030 3015 3000 3000 3000 3000 3000 2994 2985 2970 2940 2940 2940 2940 2939 2910 2910 2910 2895 2895 2882 2850 2835 2820 2820 2820 2790 2790 2790 2790 2790 2760 2760 2760 2760 2760 2760 2748 2744 2730 2730 2715 2700 2700 2670 2670 2640 2640 2640 2640 2640 2640 2610 2610 2580 2580 2565 2550 2550 2550 2535 2535 2520 2520 2505 2496 2490 2477 2439 2430 2430 2424 2415 2385 2370 2355 2340 2340 2340 2333 2312 2310 2280 2280 2280 2250 2250 2250 2220 2214 2190 2190 2190 2190 2162 2130 2130 2130 2100 2100 2100 2100 2085 2085 2070 2070 2070 2070 2039 2039 2025 1995 1980 1980 1980 1980 1980 1964 1950 1950 1950 1950 1950 1935 1920 1920 1920 1889 1889 1875 1860 1860 1814 1800 1800 1800 1800 1800 1800 1770 1770 1755 1739 1739 1739 1710 1710 1704 1680 1680 1680 1680 1664 1646 1646 1646 1635 1626 1625 1620 1620 1620 1620 1620 1620 1620 1620 1605 1560 1560 1560 1545 1530 1523 1515 1500 1500 1500 1500 1500 1500 1485 1477 1470 1470 1470 1460 1458 1455 1440 1439 1436 1425 1424 1410 1410 1404 1396 1380 1350 1350 1350 1320 1320 1320 1320 1320 1320 1320 1320 1305 1305 1290 1260 1260 1260 1260 1260 1245 1245 1245 1236 1200 1200 1200 1200 1196 1170 1170 1140 1140 1140 1140 1116 1080 1050 1050 1027 1027 1019 990 975 944 930 915 900 900 900 900 900 900 900 900 869 869 869 825 825 765 759 758 750 750 750 750 750 750 750 705 690 660 660 660 660 660 660 648 630 615 615 600 600 570 525 495 495 486 480 468 450 450 450 434 420 411 405 390 390 390 389 360 345 338 330 330 330 330 330 330 330 330 330 330 330 330 324 324 300 300 300 300 300 300 300 300 300 300 300 300 300 300 270 270 270 270 270 270 240 240 240 
7643-285015		285015 
76695-73187		37800 15000 13500 6887 
78340-8571		1440 894 840 768 720 690 564 540 480 450 330 330 285 240 
80464-196534		70575 67140 28966 13011 10272 6570 
80576-109276		37300 26552 23030 22394 
8082-1121431		465878 134492 110616 84840 50070 48763 39685 38501 29714 25045 21340 10218 8477 8106 6269 5569 5263 3826 3475 3315 3115 2873 2757 2342 2337 1809 1168 1055 284 126 103 
80861-1234678		348418 151323 148546 113072 103000 63071 47262 45723 40384 26499 25305 21233 16886 11529 9628 9014 8820 8604 7354 5934 5190 4301 3850 2951 2002 1627 1302 941 384 323 109 93 
813-40717		1107 1080 1050 1019 1011 1011 998 998 990 990 990 986 975 936 917 917 911 902 900 840 840 836 813 813 810 765 750 750 750 609 600 600 600 600 600 600 600 600 509 509 509 509 509 509 509 509 509 509 509 509 509 509 509 509 509 
828-1045614		276000 69000 48000 37731 35100 29236 18570 15330 14519 13188 11700 10890 9775 9450 8349 8100 8084 7830 7670 7579 7500 7416 7155 6990 6903 6123 6086 5841 5775 5767 5655 5652 5562 5352 5163 4800 4791 4770 4625 4170 4158 4003 3900 3870 3750 3750 3714 3713 3600 3570 3486 3450 3450 3404 3360 3180 3174 3072 3060 3000 3000 2976 2964 2962 2888 2835 2811 2745 2676 2646 2625 2625 2568 2552 2552 2520 2514 2508 2505 2490 2412 2400 2400 2364 2340 2322 2319 2268 2268 2232 2199 2175 2172 2163 2130 2100 2100 2082 2079 2070 2030 2028 2025 1973 1964 1935 1932 1889 1889 1875 1869 1848 1842 1823 1800 1776 1739 1739 1739 1736 1732 1725 1725 1725 1725 1725 1725 1725 1696 1644 1639 1638 1620 1581 1560 1548 1545 1545 1545 1545 1512 1512 1413 1386 1386 1338 1260 1242 1185 1185 1158 1155 1134 1134 1125 1125 1125 1125 1092 1086 1080 1078 1041 986 953 944 944 924 888 789 770 768 768 744 744 744 726 675 660 450 447 447 438 438 396 312 
82898-3240		900 600 450 150 150 150 105 105 105 105 105 105 105 105 
82994-6000		6000 
84135-137550		27750 22500 18600 18600 13200 13200 11700 9000 3000 
84569-40814		11340 9153 7200 3743 3000 2172 2172 1017 1017 
85765-100210		72908 24930 2372 
8608-51109		26836 11268 7005 6000 
86465-102821		80421 11060 5280 2700 1800 1560 
86989-28361		17315 3528 2149 1523 1070 999 691 376 294 274 142 
87209-3030		900 600 450 150 150 150 105 105 105 105 105 105 
87232-58187		37800 13500 6887 
87695-717483		36000 27750 27745 25500 23599 19900 19500 19000 18903 18848 17550 17355 17292 17280 16500 13855 13500 13335 13050 12629 12585 12500 12000 11400 11400 11100 10800 10200 10155 9600 9495 8400 8040 8040 7500 7500 6900 6798 6600 6306 6135 5700 5400 4950 4800 4800 4800 4500 4500 4500 4200 4200 3900 3900 3600 3600 3300 3000 2850 2700 2700 2384 2295 2250 2100 2100 1950 1950 1925 1823 1800 1800 1650 1650 1620 1614 1500 1500 1500 1500 1500 1500 1500 1500 1500 1395 1350 1350 1267 1050 1050 900 900 855 256 254 
8828-41473		4650 4575 1590 1500 1350 1320 1200 840 825 819 809 690 630 600 570 540 540 480 480 480 450 450 450 450 434 420 420 420 420 390 360 360 360 360 360 345 341 300 300 300 300 300 300 300 300 300 300 300 300 300 300 300 300 300 270 245 240 240 240 240 240 240 210 185 180 180 180 180 165 150 150 150 150 135 120 120 120 120 105 90 75 75 60 60 60 60 60 
8840-332579		8741 8694 5642 4212 3850 3596 3510 3180 3067 2897 2845 2819 2776 2775 2762 2462 2307 2273 2245 2162 2130 2114 1975 1963 1961 1944 1916 1889 1872 1830 1800 1793 1775 1754 1739 1704 1702 1684 1645 1642 1638 1622 1605 1598 1587 1565 1560 1560 1557 1521 1511 1510 1499 1484 1484 1463 1463 1461 1449 1439 1435 1421 1413 1408 1358 1350 1343 1342 1322 1315 1295 1287 1285 1281 1279 1277 1268 1260 1232 1231 1219 1205 1170 1168 1166 1156 1151 1142 1138 1095 1091 1091 1080 1045 1037 1030 1016 982 974 972 960 944 944 928 924 921 919 914 911 908 900 897 892 880 878 877 877 869 869 869 869 857 848 842 833 831 828 827 824 809 798 792 780 780 780 778 773 773 761 750 746 746 739 732 728 728 722 717 714 713 711 706 704 702 702 702 702 702 702 702 702 700 699 697 690 685 685 681 669 667 663 657 656 655 642 642 634 624 616 614 609 607 595 582 580 578 576 574 570 567 566 564 560 551 546 525 525 507 507 507 507 495 495 480 480 480 480 476 470 468 468 468 468 468 468 468 468 466 466 461 459 455 454 454 454 450 450 450 441 437 436 434 426 423 423 423 421 421 421 421 421 421 421 421 421 421 421 421 421 421 421 421 421 421 421 421 421 421 421 421 421 421 421 421 421 421 421 421 421 421 421 421 421 421 421 421 421 421 421 421 420 419 411 411 400 390 390 390 390 390 390 390 390 390 389 389 389 389 389 389 389 389 389 389 389 389 389 389 389 389 389 389 389 389 389 389 389 389 389 389 389 388 388 382 382 381 360 357 356 356 351 351 345 333 328 328 325 324 324 324 312 300 293 292 277 273 273 270 270 270 265 252 252 245 244 238 227 227 227 227 227 227 222 216 210 195 195 184 180 180 180 180 180 180 180 179 178 176 172 167 162 156 156 156 156 150 150 150 150 145 140 137 137 133 130 130 130 130 130 126 111 105 101 90 78 76 76 65 65 65 65 65 65 65 65 65 50 
89020-8337		8337 
89540-155852		27720 14838 12944 10530 5546 5430 5400 3900 3540 3300 2520 2481 2481 2385 2385 2293 2272 2094 1995 1982 1836 1590 1543 1350 1335 1290 1290 1245 1200 1200 1200 1200 1146 1140 993 993 960 960 960 960 866 810 810 750 750 750 720 720 675 651 600 600 593 570 555 480 470 450 450 449 405 396 300 300 270 254 254 254 135 135 3 
8958-29601		1641 1427 1188 1019 840 840 840 808 715 698 683 660 638 600 591 469 442 428 387 381 380 360 360 351 350 348 348 343 340 330 318 311 310 300 300 285 285 282 282 281 271 264 264 264 263 263 254 252 252 240 240 240 235 234 233 225 219 218 214 210 197 195 192 192 191 180 180 176 168 168 168 153 149 144 143 139 138 114 
8996-286468		25825 7620 6842 6391 5346 4212 4116 3668 3522 3434 3434 3434 3390 3300 2850 2850 2844 2802 2769 2712 2689 2550 2520 2457 2198 2062 2013 1880 1863 1847 1843 1830 1785 1779 1779 1779 1779 1779 1779 1777 1776 1748 1719 1629 1629 1523 1492 1479 1479 1479 1479 1479 1479 1393 1348 1316 1264 1200 1200 1200 1140 1140 1109 1050 1049 1019 1015 981 900 900 869 861 861 860 859 819 819 819 807 805 805 793 780 778 777 760 759 759 759 759 759 759 759 759 759 759 759 757 756 750 741 720 711 709 672 672 672 664 663 660 660 657 656 655 653 652 639 639 632 609 609 609 609 609 609 607 583 570 561 518 518 518 518 518 518 509 509 509 509 509 509 509 509 509 509 508 504 500 483 459 459 459 459 459 459 459 459 459 459 459 459 459 458 457 454 454 450 450 450 450 450 450 450 450 450 450 450 450 450 450 449 449 448 448 448 447 446 446 420 408 393 360 360 360 360 360 360 360 357 357 357 357 357 356 356 354 330 330 326 324 309 301 300 300 300 300 300 300 300 300 300 300 300 300 300 300 300 300 300 300 300 300 300 300 300 300 300 300 300 300 299 299 299 299 299 298 291 273 259 259 259 254 254 254 252 246 227 227 222 222 222 210 210 204 204 204 204 194 194 194 194 194 194 194 194 180 180 180 179 162 153 153 153 150 150 150 150 150 150 150 150 150 150 120 120 120 120 120 120 120 120 120 120 107 102 102 102 102 102 102 102 102 102 102 102 102 102 102 102 102 102 102 102 102 102 102 102 102 102 102 102 102 102 102 102 102 102 102 102 102 102 102 102 102 102 102 102 101 100 97 97 97 97 97 96 93 92 65 65 60 51 30 30 30 30 30 30 30 30 30 30 
9118-5021285		685272 167834 148603 143131 142216 139951 137154 137100 129263 122759 115925 102544 84954 84916 78169 72000 70186 68112 65682 62398 60000 59994 59625 59498 59358 59214 57752 55572 55369 54779 51750 50400 49915 45000 44940 43272 42488 39849 37623 37579 35018 33960 32966 32400 31418 28812 27900 27382 27118 25883 24450 23291 23278 22980 22812 22593 22079 21297 19260 18588 17628 17003 16473 15119 14260 13736 13427 13230 12191 11378 10985 10255 10208 9578 9544 9252 9024 9015 8946 8916 8858 8850 8700 8611 7515 7247 7200 7200 7200 6988 6900 6840 6677 6558 6509 6450 6300 6249 6151 6113 6093 5700 5678 5439 5380 5230 5227 5084 4973 4935 4922 4742 4703 4509 4500 4466 4423 4350 4320 4136 4090 4078 4020 4008 3960 3936 3908 3779 3753 3717 3690 3674 3600 3404 3178 3041 3000 2988 2825 2807 2790 2701 2700 2700 2448 2409 2400 2379 2357 2289 2198 2121 2098 2087 2004 1950 1950 1950 1950 1914 1800 1800 1800 1800 1800 1800 1800 1800 1800 1800 1800 1800 1800 1800 1800 1800 1800 1800 1800 1800 1800 1800 1800 1800 1800 1800 1800 1800 1800 1800 1800 1800 1800 1800 1800 1800 1800 1800 1800 1800 1800 1800 1800 1800 1800 1800 1800 1800 1800 1800 1800 1800 1697 1483 1445 1352 1218 1166 1147 1136 1080 1002 1002 900 900 834 792 780 750 702 695 646 570 450 334 300 300 300 128 
91324-73187		37800 15000 13500 6887 
91758-1838308		437287 354737 255503 204984 145343 82722 79542 79536 40000 39424 18961 18148 16835 11148 9406 9051 7240 7187 6213 6009 3035 3000 2016 752 127 102 
93743-152430		39050 24080 23760 21230 19506 19304 5500 
9738-40910		16818 9668 3750 2520 1971 1140 1134 1080 852 765 720 492 
9886-12110		12110 
9998-681538		35712 29339 21240 21168 16019 15138 15000 14688 14400 13166 11663 10260 9612 8100 7200 7200 6318 6270 6048 5400 5088 4800 4800 4470 4221 4218 4084 3960 3915 3900 3840 3779 3596 3570 3390 3350 3150 3135 3040 3000 2955 2890 2764 2764 2550 2543 2499 2496 2490 2485 2415 2397 2372 2370 2318 2291 2256 2244 2226 2206 2198 2178 2160 2128 2125 2100 2100 2005 2005 1980 1950 1920 1920 1907 1907 1901 1898 1889 1814 1805 1800 1800 1800 1800 1728 1688 1663 1578 1545 1545 1541 1539 1516 1494 1455 1443 1443 1443 1443 1443 1443 1443 1443 1443 1443 1443 1443 1443 1443 1443 1443 1443 1443 1443 1443 1443 1434 1404 1329 1320 1320 1320 1290 1236 1233 1230 1223 1223 1223 1223 1223 1223 1223 1223 1223 1223 1223 1223 1223 1223 1223 1223 1223 1223 1223 1223 1223 1223 1223 1182 1149 1140 1129 1101 1080 1056 1056 1056 1050 1035 1030 1019 1018 1002 975 905 905 905 905 905 905 905 905 900 900 900 882 880 880 880 880 880 880 880 880 880 880 880 880 880 880 880 880 880 878 856 827 768 750 750 734 734 720 704 660 660 660 660 648 646 645 633 630 615 611 611 611 606 606 606 600 600 587 587 571 570 565 563 563 563 563 563 563 563 563 563 563 563 563 563 563 563 563 563 563 563 563 563 563 563 540 538 538 538 536 531 528 528 528 513 509 509 505 495 488 488 486 482 480 465 450 448 441 420 420 420 420 417 396 391 391 391 391 391 391 391 391 391 391 390 367 367 367 367 367 367 367 367 367 367 367 367 367 367 367 367 367 367 367 362 360 348 342 342 342 342 342 342 330 330 318 318 317 317 315 306 293 293 293 293 293 293 293 293 293 293 293 293 293 293 293 293 293 293 293 293 293 293 293 293 293 293 293 293 293 293 293 293 293 293 293 293 293 293 293 293 293 290 269 269 269 261 245 245 245 245 245 245 245 245 245 245 245 245 245 245 245 245 245 245 245 245 245 245 245 245 245 245 245 245 245 245 245 242 240 240 220 220 215 210 210 210 210 210 210 210 210 210 210 210 210 210 210 210 196 196 196 196 188 171 171 171 171 171 171 171 171 171 153 153 150 148 147 147 147 135 131 122 122 122 122 122 122 122 122 122 122 122 122 122 122 122 110 108 108 103 98 98 98 98 98 98 98 98 98 98 98 98 98 98 98 98 98 98 98 98 98 98 98 98 98 98 90 90 81 73 73 73 73 73 73 73 73 73 49 49 49 49 49 49 49 49 49 49 49 49 49 49 49 49 49 41 27 24 24 24 24 24 24 24 
